0, 0.03223952651023865, 0.05641969293355942, 0.09026917070150375
1, 0.030856523662805557, 0.05546963959932327, 0.08885272592306137
2, 0.029632871970534325, 0.05498168617486954, 0.08886406570672989
3, 0.029023323208093643, 0.05501634255051613, 0.08873901516199112
0, nan, nan, nan
1, nan, nan, nan
0, 0.056862447410821915, 0.05761804059147835, 0.11056356877088547
1, 0.049196019768714905, 0.05758568271994591, 0.11055628955364227
2, 0.04442470893263817, 0.057565364986658096, 0.11055618524551392
3, 0.04112725332379341, 0.057585470378398895, 0.11056927591562271
0, 0.0872129574418068, 0.05312146991491318, 0.11026981472969055
1, 0.08234881609678268, 0.05243935436010361, 0.10983125120401382
0, 0.11530913854187184, 0.0516869498119838, 0.14273536205291748
1, 0.1231972528407068, 0.05164205884012047, 0.14273419976234436
2, 0.12319730525667018, 0.05164203141334552, 0.14273416996002197
0, 0.12121062549677762, 0.05520401567508633, 0.19847939908504486
1, 0.12287256721294287, 0.05506915338157456, 0.1984839141368866
0, 0.07951453093326454, 0.18893697058808975 /4, 1.7756759002804756 /16
0, 0.09107375543225896, 0.04723536424734742, 0.11079045757651329
1, 0.09106980898163536, 0.04723537164843745, 0.11077871127054095
0, 0.08850033922628923, 0.04718807927346316, 0.11061833146959543
1, 0.08843786091967062, 0.04718659148969944, 0.11038691876456141
2, 0.08838468267159029, 0.04718658560212108, 0.110384919680655
none
0, 0.08819455973126672, 0.047220173701284014, 0.11059282952919602
6e9
0, 0.04886633616392359, 0.047052049514464137, 0.07272752904100344
1, 0.03150679649277167, 0.04705083272914776, 0.0583831658877898
4e9
0, 0.044767570929093795, 0.04707771545312039, 0.07302205776795745
1, 0.03795983944539771, 0.047020077371321946, 0.11051185708492994
2, 0.029727792663104605, 0.047015641142213765, 0.10588174493750557
3, 0.027944989694338857, 0.04701082007554562, 0.07628653926076367
4, 0.026590901305616806, 0.04700126416378335, 0.11053584568435326
5, 0.02574960952229572, 0.0469898442796247, 0.11053570150397718
6e9
0, 0.045098976968138506, 0.04711527093133669, 0.07104863045969978
1, 0.03328304828455051, 0.04710551212847701, 0.098930268723052
2, 0.029937111012298952, 0.04701666952817193, 0.11052950040902942
3, 0.027952121226963673, 0.04700296825013947, 0.1105304766097106
4, 0.026762133981242324, 0.04700852481643827, 0.11053214926505461
fewer combo reps->more epochs
0, 0.04724178508488518, 0.04708276056698051, 0.06564223137684166
1, 0.032478048930678405, 0.04645136365181078, 0.08332796394824982
2, 0.03000569225994475, 0.04702609707938804, 0.06706670136190951
3, 0.028119126821896344, 0.047015945634080306, 0.11039170250296593
4, 0.02708475771783428, 0.046088217566428696, 0.1103919567540288
5, 0.026223394968405818, 0.046979652514123324, 0.11038336530327797
reduded "all" reps
0, 0.0626021814414046, 0.04711264763859771, 0.06903598131611943
1, 0.047403121449504836, 0.04712093547818921, 0.11070457566529512
2, 0.07116730950998537, 0.04707343631271039, 0.11041443329304457
3, 0.04662726604577267, 0.047606366446943604, 0.11478754039853811
4, 0.03039141680142193, 0.04760636698121682, 0.11478754505515099
5, 0.029227742701768877, 0.04760636801939404, 0.11478754179552197
using weights and 9 node layer2
0, 0.059316252903504806, 0.05847434111272439, 0.11119545949622989
1, 0.09267838110300627, 0.05918904157931318, 0.08586535090580583
2, 0.10500503618157271, 0.059231463482306485, 0.08719421504065394
3, 0.1303098820082166, 0.059796817083325654, 0.10872720228508115
4, 0.13030976156845236, 0.05980389638790402, 0.18035037443041801
5, 0.1303097617219795, 0.059803895310359304, 0.18035041261464357
6, 0.13030976164973143, 0.05980389506065687, 0.18035044334828854
smaller reps and larger layer1
0, 0.06910975906885032, 0.05832751117790667, 0.10984264872968197
1, 0.08215065888383172, 0.056783911551614316, 0.10281904740259051
2, 0.060126777119708784, 0.05634740013899146, 0.07959068613126874
3, 0.057346950155315976, 0.053935820308788386, 0.07509877718985081
4, 0.05453652076648943, 0.053879135418773275, 0.08891836181282997
5, 0.0532226601062399, 0.05553205121434541, 0.0839939801953733
6, 0.051116595060536354, 0.054427095684380346, 0.08299406105652452
7, 0.04952256584709341, 0.053915764011694615, 0.08092812309041619
8, 0.047978603957277356, 0.05399301558157096, 0.07954064896330237
9, 0.04716059976454937, 0.0535326274426807, 0.07810599682852626
10, 0.04577769703937299, 0.053487668317801135, 0.07351676560938358
11, 0.045104862054189045, 0.05318089043676565, 0.07538499310612679
12, 0.04424724663748886, 0.053846033496989146, 0.07062385836616158
13, 0.042852902380806024, 0.052996562820845756, 0.07450871961191297
14, 0.04186658269979737, 0.05074634707132399, 0.07330759661272168
15, 0.04126237721605734, 0.05050673801901836, 0.07274446077644825
16, 0.04084274026480588, 0.05036385986360087, 0.07198252389207482
17, 0.040863687987580444, 0.05017746002345845, 0.07123242923989892
18, 0.04036026573542393, 0.05332514426810442, 0.07101225201040506
19, 0.03984244421124458, 0.053466158932533814, 0.07046569185331464
20, 0.039869904739387105, 0.05389441467893585, 0.07017634576186538
21, 0.039158299858822965, 0.053419442163501384, 0.070649697445333
22, 0.056426750272512434, 0.05731134491878143, 0.0693027013912797
23, 0.03863957089908195, 0.05298445052534774, 0.06777977081947029
24, 0.03829404839963624, 0.053192732873674174, 0.06851974548771977
25, 0.03680456707874934, 0.05195647576184952, 0.06936010904610157
26, 0.03756056832544731, 0.05315678466813288, 0.0686487415805459
27, 0.03724249588269176, 0.05313380386518395, 0.0678092110902071
28, 0.03695279216676047, 0.0529565424590871, 0.06803294271230698
29, 0.036719985220468404, 0.05300638034651821, 0.06715699471533298
30, 0.03641385801813819, 0.05281190326716301, 0.06675198068842292
31, 0.03604683728832187, 0.05305776819766719, 0.06732874782755971
only a few clear combos... trying layer?nodes for combos
0, 0.069321524681467, 0.054746934154255376, 0.0919476910494268
1, 0.06662306027882027, 0.05550571078443585, 0.08697791351005435
2, 0.05614741574634205, 0.055756155590432274, 0.06551220687106252
3, 0.07803709228833516, 0.05839261868833632, 0.0965718487277627
4, 0.08304625643022133, 0.05754698543013006, 0.09678946156054735
5, 0.05775490820407867, 0.05616840373742696, 0.07672214205376804
6, 0.05491229638005748, 0.05407797611781941, 0.07093907264061272
7, 0.07446735206878546, 0.05516580341086871, 0.060084727127105
8, 0.06610103660460674, 0.054756751077042684, 0.08502090582624078
9, 0.059128466546535495, 0.05415868606184416, 0.08184320479631424
10, 0.05553010533253352, 0.05394533409732551, 0.07786221615970135
11, 0.05295701969753612, 0.053854614946145365, 0.07641898328438401
12, 0.0509033997853597, 0.05384470860739261, 0.07457235315814614
13, 0.048197013627399095, 0.052869548526219126, 0.07410319847986102
14, 0.04748109875303326, 0.05358346853099295, 0.07089087087661028
15, 0.04625777314106623, 0.05355905458906998, 0.07276731682941318
16, 0.04520089707591317, 0.05360906676429769, 0.07200742932036519
17, 0.04414172396515355, 0.05347589907294886, 0.072077174205333
18, 0.043334917877659654, 0.05105742277658504, 0.07118789292871952
19, 0.04287257045507431, 0.05010948762081671, 0.06879701977595687
20, 0.042668387880831056, 0.05345197659939672, 0.07098911423236132
21, 0.04189844592051072, 0.053562107923382146, 0.06485903006978333
22, 0.04069567995992574, 0.05280350822649428, 0.07012004498392344
23, 0.04063704174124833, 0.05317868076372838, 0.06976153794676065
24, 0.03900564694946462, 0.052729178912901645, 0.06835251720622182
25, 0.03837294560490233, 0.05066218297334685, 0.06898861331865191
26, 0.03924492727626454, 0.0531155263942077, 0.06843445776030421
27, 0.03883515729597121, 0.053172236461426325, 0.06834193924441934
28, 0.03849150625593734, 0.05345949787052645, 0.0683081648312509
29, 0.038030202862891285, 0.05304115869392807, 0.06756986118853092
30, 0.03779191801042268, 0.053339217919946294, 0.06748434994369745
31, 0.03710658999555039, 0.053123245690611824, 0.0673291552811861
test reset, up to 64 ?not sure if/when memory is exceeded?
0, 0.069321524681467, 0.054746934154255376, 0.0919476910494268
1, 0.06662306027882027, 0.05550571078443585, 0.08697791351005435
2, 0.05614741574634205, 0.055756155590432274, 0.06551220687106252
3, 0.07803709228833516, 0.05839261868833632, 0.0965718487277627
4, 0.08304625643022133, 0.05754698543013006, 0.09678946156054735
5, 0.05775490820407867, 0.05616840373742696, 0.07672214205376804
6, 0.05491229638005748, 0.05407797611781941, 0.07093907264061272
7, 0.07446735206878546, 0.05516580341086871, 0.060084727127105
8, 0.06610103660460674, 0.054756751077042684, 0.08502090582624078
9, 0.059128466546535495, 0.05415868606184416, 0.08184320479631424
10, 0.05553010533253352, 0.05394533409732551, 0.07786221615970135
11, 0.05295701969753612, 0.053854614946145365, 0.07641898328438401
12, 0.0509033997853597, 0.05384470860739261, 0.07457235315814614
13, 0.048197013627399095, 0.052869548526219126, 0.07410319847986102
14, 0.04748109875303326, 0.05358346853099295, 0.07089087087661028
15, 0.04625777314106623, 0.05355905458906998, 0.07276731682941318
16, 0.04520089707591317, 0.05360906676429769, 0.07200742932036519
17, 0.04414172396515355, 0.05347589907294886, 0.072077174205333
18, 0.043334917877659654, 0.05105742277658504, 0.07118789292871952
19, 0.04287257045507431, 0.05010948762081671, 0.06879701977595687
20, 0.042668387880831056, 0.05345197659939672, 0.07098911423236132
21, 0.04189844592051072, 0.053562107923382146, 0.06485903006978333
22, 0.04069567995992574, 0.05280350822649428, 0.07012004498392344
23, 0.04063704174124833, 0.05317868076372838, 0.06976153794676065
24, 0.03900564694946462, 0.052729178912901645, 0.06835251720622182
25, 0.03837294560490233, 0.05066218297334685, 0.06898861331865191
26, 0.03924492727626454, 0.0531155263942077, 0.06843445776030421
27, 0.03883515729597121, 0.053172236461426325, 0.06834193924441934
28, 0.03849150625593734, 0.05345949787052645, 0.0683081648312509
29, 0.038030202862891285, 0.05304115869392807, 0.06756986118853092
30, 0.03779191801042268, 0.053339217919946294, 0.06748434994369745
31, 0.03710658999555039, 0.053123245690611824, 0.0673291552811861
32, 0.03674070141080654, 0.05295455071553228, 0.06713904882781208
33, 0.03645379537434289, 0.05291355564146514, 0.06651968439109623
34, 0.036368254161242286, 0.05295361681944794, 0.06640886329114437
35, 0.03596080688364578, 0.05280606513438017, 0.06607588077895343
36, 0.03558640196467891, 0.05284488632159245, 0.061713578179478645
37, 0.034456465456521874, 0.05171699240659746, 0.06654030689969659
38, 0.0349359615463199, 0.052719992652967354, 0.0662410999648273
39, 0.03505725833954233, 0.05258011843127329, 0.06610048306174576
40, 0.03479124929868814, 0.05255573358080813, 0.0657853779848665
41, 0.03472184110319976, 0.05265424280890808, 0.0655041798017919
42, 0.0345611357914679, 0.052648508750298174, 0.06549801933579147
43, 0.034378718187411623, 0.05257507508107717, 0.06652626721188426
44, 0.03421524451537566, 0.05262940548864252, 0.06546755414456129
Memory leak killed the training again; 
try to control weights and remove combo/deck training blocks p=0.25?
0, 0.06990378831372117, -1, 0.10241041332483292
1, 0.05887429242784327, -1, 0.11550924181938171
2, 0.05438594595952467, -1, 0.1184636652469635
3, 0.051391678046096456, -1, 0.11311500519514084
4, 0.04875943720340729, -1, 0.11322911083698273
5, 0.046684165479558885, -1, 0.10889292508363724
6, 0.04475804819302125, -1, 0.10709245502948761
7, 0.04333980970310442, -1, 0.10586466640233994
8, 0.04208577586845918, -1, 0.10217617452144623
9, 0.04078900234265761, -1, 0.09938270598649979
10, 0.04024644070502483, -1, 0.10210955888032913
11, 0.039469782321742086, -1, 0.1008671373128891
12, 0.03878220189701427, -1, 0.10183972865343094
13, 0.03792180117332574, -1, 0.10021056979894638
14, 0.03714737296555982, -1, 0.09439180046319962
15, 0.0360292967431473, -1, 0.0897543877363205
16, 0.06392641644586217, -1, 0.08895167708396912
17, 0.05113703034140847, -1, 0.09438426047563553
18, 0.047413597097902584, -1, 0.09348367899656296
19, 0.044862329463164013, -1, 0.09321920573711395
20, 0.04767716437578201, -1, 0.09146047383546829
21, 0.04684713220957554, -1, 0.09307399392127991
22, 0.044695417790701894, -1, 0.09406563639640808
23, 0.043053221982536895, -1, 0.08883626013994217
24, 0.040595836305257045, -1, 0.0926700010895729
25, 0.039098296562830606, -1, 0.08884140104055405
26, 0.038409121302944244, -1, 0.08866269886493683
27, 0.037441019348122856, -1, 0.0888577476143837
28, 0.036627914693319434, -1, 0.08786404877901077
29, 0.03849297458475286, -1, 0.08685865253210068
30, 0.03861224459879326, -1, 0.09194749593734741
31, 0.03667075112462044, -1, 0.0916060358285904
32, 0.03596896630796519, -1, 0.09126965701580048
33, 0.037227024706927216, -1, 0.09075556695461273
34, 0.0372143500049909, -1, 0.13679324090480804
35, 0.03496595372756322, -1, 0.08894959837198257
36, 0.034487465624556395, -1, 0.08800098299980164
37, 0.03410720843708876, -1, 0.09010610729455948
38, 0.06768788858796611, -1, 0.08794210851192474
39, 0.059141352041201155, -1, 0.08917560428380966
40, 0.05254822530529716, -1, 0.08719725906848907
41, 0.05144461691379547, -1, 0.08858142048120499
goint to increase combo importance p=0.5?
0, 0.09318947658394322, -1, 0.13141292333602905
1, 0.07972003357880043, -1, 0.1508188545703888
2, 0.07424925471797134, -1, 0.15297892689704895
3, 0.07167440326827945, -1, 0.15411481261253357
4, 0.06953467005130017, -1, 0.1593029648065567
5, 0.0668134721842679, -1, 0.15899750590324402
increase now p=1
0, 0.2654521335616256, -1, 0.22108305990695953
1, 0.2638314375732884, -1, 0.28055569529533386
2, 0.2557587981946541, -1, 0.25619855523109436
3, 0.2857108796004093, -1, 0.31944313645362854
4, 0.2323304555271611, -1, 0.2802436351776123
5, 0.2806353062933142, -1, 0.24665173888206482
decrease now p=.125
0, 0.06364819898749843, -1, 0.10100460797548294
1, 0.05252731864199494, -1, 0.11026918888092041
2, 0.04792716019984448, -1, 0.10850300639867783
3, 0.044584043080156496, -1, 0.10743715614080429
4, 0.04277272492647171, -1, 0.10919032990932465
5, 0.045670810748230324, -1, 0.10718527436256409
6, 0.04236905082608714, -1, 0.11115483939647675
7, 0.04022275641109004, -1, 0.10550737380981445
p=.125
0, 0.06364819898749843, -1, 0.10100460797548294
1, 0.05252731864199494, -1, 0.11026918888092041
2, 0.04792716019984448, -1, 0.10850300639867783
3, 0.044584043080156496, -1, 0.10743715614080429
4, 0.04277272492647171, -1, 0.10919032990932465
5, 0.045670810748230324, -1, 0.10718527436256409
6, 0.04236905082608714, -1, 0.11115483939647675
7, 0.04022275641109004, -1, 0.10550737380981445
8, 0.038756432564872684, -1, 0.10238154232501984
9, 0.03871148784955342, -1, 0.10077827423810959
10, 0.03734434295332793, -1, 0.11896532028913498
11, 0.03655688012639682, -1, 0.11551712453365326
12, 0.035880091565124915, -1, 0.11856397241353989
13, 0.035182433769558416, -1, 0.11213493347167969
14, 0.03533585334817568, -1, 0.11980482935905457
15, 0.06124310609969226, -1, 0.12028402090072632
16, 0.056163119529232836, -1, 0.11345113068819046
17, 0.050236677437117606, -1, 0.1263611763715744
18, 0.04707953124335318, -1, 0.126291424036026
19, 0.05012319458253456, -1, 0.12157716602087021
20, 0.06419891591324951, -1, 0.1171431615948677
21, 0.05433661748965581, -1, 0.11046046763658524
22, 0.05285544846094016, -1, 0.11206501722335815
23, 0.04772093893903674, -1, 0.1173393502831459
24, 0.043201820001457676, -1, 0.11688869446516037
25, 0.04078753394610954, -1, 0.11403073370456696
26, 0.038693610068523523, -1, 0.10750723630189896
27, 0.03719676862160365, -1, 0.10754136741161346
combo less often p=.25
0, 0.06990378831372117, -1, 0.10241041332483292
1, 0.05890756003784411, -1, -1
2, 0.05454767176599214, -1, -1
3, 0.05167968652465127, -1, -1
4, 0.049008699998711096, -1, 0.11492899060249329
5, 0.046873145591128956, -1, -1
6, 0.04573984079288714, -1, -1
7, 0.044015954118786435, -1, -1
8, 0.043642757787848964, -1, 0.11114050447940826
9, 0.04274323318943833, -1, -1
10, 0.042004821435971694, -1, -1
11, 0.04123320014187784, -1, -1
12, 0.04059993089148493, -1, 0.1301891803741455
13, 0.04000081288995165, -1, -1
14, 0.039429443686297444, -1, -1
15, 0.03890769356127941, -1, -1
16, 0.03853440352913105, -1, 0.12481123208999634
17, 0.038047741674112553, -1, -1
18, 0.037800453449740555, -1, -1
19, 0.03758688589840224, -1, -1
20, 0.037341340671886096, -1, 0.11993836611509323
21, 0.03693129301522717, -1, -1
22, 0.038175965714635274, -1, -1
23, 0.03696326160972769, -1, -1
24, 0.03725517952080929, -1, 0.13188190758228302
25, 0.036786615789839716, -1, -1
26, 0.036753829491860936, -1, -1
27, 0.036538045121864836, -1, -1
28, 0.035720661621202125, -1, 0.13368622958660126
29, 0.03573418679110932, -1, -1
30, 0.0358074091194254, -1, -1
31, 0.03554098106243394, -1, -1
32, 0.06989597154386115, -1, 0.12765833735466003
33, 0.05948295025211392, -1, -1
34, 0.05500280466043588, -1, -1
35, 0.05191808702367725, -1, -1
36, 0.04973038425048192, -1, 0.13178470730781555
37, 0.04778454473524383, -1, -1
38, 0.04591083285483447, -1, -1
39, 0.044805980902729615, -1, -1
40, 0.04394000773177002, -1, 0.1250678151845932
41, 0.042702427939935166, -1, -1
42, 0.042119209206465516, -1, -1
43, 0.041397847479039976, -1, -1
44, 0.04085086904691927, -1, 0.12949317693710327
45, 0.04050376678054983, -1, -1
46, 0.040014673832691076, -1, -1
47, 0.039472352212125604, -1, -1
48, 0.03930594143090826, -1, 0.12635408341884613
49, 0.038735264774524804, -1, -1
50, 0.038589610705773034, -1, -1
51, 0.03819313440359, -1, -1
52, 0.037914251170375134, -1, 0.13072022795677185
53, 0.03731990908583005, -1, -1
54, 0.03726222919695305, -1, -1
55, 0.036954534360856724, -1, -1
56, 0.03713315924911788, -1, 0.12845179438591003
57, 0.03659516153010455, -1, -1
58, 0.03649796235290441, -1, -1
59, 0.03634450420285716, -1, -1
60, 0.03573665408474026, -1, 0.12235848605632782
61, 0.03597901369586135, -1, -1
try every other
0, 0.06990378831372117, -1, 0.10241041332483292
1, 0.05890756003784411, -1, -1
2, 0.05465067183429544, -1, 0.11474590003490448
3, 0.05171404621817849, -1, -1
4, 0.04968504137162006, -1, 0.12631665170192719
5, 0.04744060097318707, -1, -1
6, 0.04614962687095006, -1, 0.12490922957658768
7, 0.04465520635698781, -1, -1
8, 0.04341149747371673, -1, 0.12662433087825775
9, 0.04208102481834816, -1, -1
10, 0.04152994080023332, -1, 0.12871606647968292
11, 0.04048046332417112, -1, -1
12, 0.04034469129461231, -1, 0.12614819407463074
13, 0.03981674802122694, -1, -1
14, 0.039239605186563546, -1, 0.12858322262763977
15, 0.038198438774455674, -1, -1
16, 0.03806211575865746, -1, 0.12548096477985382
17, 0.037355772225242674, -1, -1
18, 0.03746635183240428, -1, 0.12548041343688965
19, 0.036718310912450154, -1, -1
20, 0.036586109273361436, -1, 0.1267063021659851
21, 0.0362118931611379, -1, -1
22, 0.03642715252710111, -1, 0.123497374355793
23, 0.036482696190024866, -1, -1
24, 0.03630285904263005, -1, 0.12844789028167725
25, 0.035930862611893453, -1, -1
26, 0.03598757146885901, -1, 0.1281781941652298
27, 0.03602161013267257, -1, -1
28, 0.03568051021207463, -1, 0.13505864143371582
29, 0.03524486440149221, -1, -1
30, 0.03478459497744387, -1, 0.14636076986789703
.25 for combos 1.0 for all; deck+Combo still skipped
0, 0.25887823646718805, -1, 0.10241041332483292
1, 0.26541651900970575, -1, -1
2, 0.22166614828687725, -1, 0.10813048481941223
3, 0.20150835351510482, -1, -1
4, 0.16634486837820572, -1, 0.10550416260957718
5, 0.15141658983447334, -1, -1
6, 0.19872136809609153, -1, 0.10292013734579086
7, 0.18686705755464958, -1, -1
8, 0.15291138744715488, -1, 0.10193809866905212
9, 0.14327785473881346, -1, -1
10, 0.13573668590097715, -1, 0.10023445636034012
11, 0.1315096595612439, -1, -1
12, 0.12809838101719365, -1, 0.09494825452566147
13, 0.12619256474755028, -1, -1
14, 0.12669991234938305, -1, 0.0982947126030922
15, 0.13319600025812786, -1, -1
16, 0.20531582033995427, -1, 0.09781432896852493
17, 0.21397948644377968, -1, -1
18, 0.2297301376949657, -1, 0.13634127378463745
19, 0.2606107021100593, -1, -1
20, 0.25740569024374993, -1, 0.13150137662887573
21, 0.2523985053914966, -1, -1
22, 0.2779172063957561, -1, 0.12111607193946838
23, 0.30093926068508264, -1, -1
24, 0.24047338156989126, -1, 0.12651032209396362
25, 0.27232363597913223, -1, -1
26, 0.21747645903717389, -1, 0.11469469219446182
27, 0.2091454382918098, -1, -1
28, 0.19745030173749634, -1, 0.10875378549098969
29, 0.16082134571942416, -1, -1
30, 0.19540424426396688, -1, 0.10332836955785751
31, 0.19555915404449808, -1, -1
32, 0.15768381218115488, -1, 0.10088661313056946
33, 0.2238905383601333, -1, -1
34, 0.31317208727200824, -1, 0.14635996520519257
35, 0.2774038444143353, -1, -1
36, 0.29600024060769514, -1, 0.13687162101268768
37, 0.29071245724504646, -1, -1
38, 0.3107072354085518, -1, 0.1327076107263565
39, 0.31379177992994134, -1, -1
40, 0.2998785417007678, -1, 0.1302950382232666
41, 0.31073421633604803, -1, -1
42, 0.31292133042306614, -1, 0.14709880948066711
43, 0.3121123219620098, -1, -1
44, 0.3124763136560267, -1, 0.14655578136444092
.25 for combos .5 for all; deck+Combo still skipped
0, 0.09460352328690616, -1, 0.10241041332483292
1, 0.08043950525197116, -1, -1
2, 0.0752366603865768, -1, 0.12412306666374207
3, 0.07165392078233487, -1, -1
4, 0.06948643969767021, -1, 0.12108200043439865
5, 0.06721437005382595, -1, -1
6, 0.06563053207867073, -1, 0.12275160104036331
7, 0.06372022063443156, -1, -1
8, 0.06207849010373607, -1, 0.12445536255836487
9, 0.06118042686671922, -1, -1
10, 0.060904457903269565, -1, 0.12324508279561996
11, 0.05878336917270314, -1, -1
12, 0.05833174020955057, -1, 0.12205410748720169
13, 0.058152296308315164, -1, -1
14, 0.05757856270580581, -1, 0.12449795752763748
15, 0.05702005413445559, -1, -1
16, 0.05645387168183471, -1, 0.12347396463155746
17, 0.055987745514421754, -1, -1
18, 0.05585376611261657, -1, 0.12445211410522461
19, 0.05496252193595424, -1, -1
20, 0.05461064447959264, -1, 0.1237444281578064
21, 0.05434482097625733, -1, -1
22, 0.05422548690528581, -1, 0.12308443337678909
23, 0.0540104907299533, -1, -1
24, 0.05406659278002652, -1, 0.12272641062736511
25, 0.05410307948336457, -1, -1
26, 0.05386780761408083, -1, 0.12355779856443405
27, 0.053585737618533046, -1, -1
28, 0.05352680710229007, -1, 0.12121637910604477
29, 0.05303705446647875, -1, -1
30, 0.05332358942790465, -1, 0.1219482421875
31, 0.05278778357036186, -1, -1
32, 0.05289393386154464, -1, 0.12267915159463882
33, 0.052460105870709275, -1, -1
34, 0.052698448038462437, -1, 0.12202516198158264
35, 0.05228407323360443, -1, -1
36, 0.05233343721339197, -1, 0.12217957526445389
37, 0.05212109484455802, -1, -1
38, 0.05215623903455156, -1, 0.122908815741539
39, 0.0523694390780998, -1, -1
40, 0.052208624238317666, -1, 0.12121766805648804
41, 0.05210914798758247, -1, -1
42, 0.05209673961003621, -1, 0.12192598730325699
43, 0.052025382681326435, -1, -1
44, 0.05197326470505108, -1, 0.1210806742310524
45, 0.05190729452805085, -1, -1
46, 0.05189897870475595, -1, 0.12070570141077042
47, 0.051718509486227325, -1, -1
48, 0.0516861260750077, -1, 0.12001796811819077
49, 0.051425242866530566, -1, -1
50, 0.051737325110218745, -1, 0.11808478087186813
51, 0.05122680935895804, -1, -1
52, 0.05217425505320231, -1, 0.11664318293333054
53, 0.05199513251131231, -1, -1
54, 0.051450098852316536, -1, 0.11820590496063232
55, 0.050742368707151125, -1, -1
56, 0.05089983780275692, -1, 0.12044747173786163
57, 0.05058874119411815, -1, -1
58, 0.05080485606735403, -1, 0.12037292867898941
59, 0.050625886573936, -1, -1
60, 0.050663198946100295, -1, 0.12243228405714035
61, 0.05059833491390402, -1, -1
62, 0.05048294498161836, -1, 0.1212017610669136
63, 0.05028913790529425, -1, -1
.25 for combos 0.5 for all; deck+Combo still skipped
0, 0.09460352328690616, -1, 0.10241041332483292
1, 0.0808909924102552, -1, 0.11252454668283463
2, 0.07525196326501442, -1, 0.12230861932039261
3, 0.0713122346997261, -1, 0.11745373904705048
4, 0.06942787909146511, -1, 0.12182227522134781
5, 0.06741466562856327, -1, 0.1215701699256897
6, 0.06531346733822967, -1, 0.12170720100402832
7, 0.06388623990795829, -1, 0.12084745615720749
8, 0.06243649240696069, -1, 0.12048762291669846
9, 0.06111723744507992, -1, 0.12076719105243683
10, 0.060462842583656314, -1, 0.1212308257818222
11, 0.05964398969303478, -1, 0.12173230946063995
12, 0.05883618021553213, -1, 0.11937586218118668
.25 for combos 0.125 for all; deck+Combo still skipped
0, 0.06470273406216592, -1, 0.10241041332483292
1, 0.05409758475693789, -1, 0.12703466415405273
2, 0.04964111073450609, -1, 0.12388836592435837
3, 0.04658071326486992, -1, 0.1280277818441391
4, 0.044276621730038615, -1, 0.12236560881137848
5, 0.041934315264225, -1, 0.13369406759738922
restore .25 for combos 0.25 for all; deck+Combo still skipped
0, 0.06990378831372117, -1, 0.10241041332483292
1, 0.05887429242784327, -1, 0.11550924181938171
2, 0.05438594595952467, -1, 0.1184636652469635
3, 0.051391678046096456, -1, 0.11311500519514084
4, 0.04875943720340729, -1, 0.11322911083698273
5, 0.046684165479558885, -1, 0.10889292508363724
6, 0.04475804819302125, -1, 0.10709245502948761
7, 0.04333980970310442, -1, 0.10586466640233994
8, 0.04208577586845918, -1, 0.10217617452144623
9, 0.04078900234265761, -1, 0.09938270598649979
10, 0.04024644070502483, -1, 0.10210955888032913
11, 0.039469782321742086, -1, 0.1008671373128891
12, 0.03878220189701427, -1, 0.10183972865343094
13, 0.03792180117332574, -1, 0.10021056979894638
14, 0.03714737296555982, -1, 0.09439180046319962
15, 0.0360292967431473, -1, 0.0897543877363205
16, 0.06392641644586217, -1, 0.08895167708396912
17, 0.05113703034140847, -1, 0.09438426047563553
18, 0.047413597097902584, -1, 0.09348367899656296
19, 0.044862329463164013, -1, 0.09321920573711395
20, 0.04767716437578201, -1, 0.09146047383546829
21, 0.04684713220957554, -1, 0.09307399392127991
22, 0.044695417790701894, -1, 0.09406563639640808
23, 0.043053221982536895, -1, 0.08883626013994217
24, 0.040595836305257045, -1, 0.0926700010895729
25, 0.039098296562830606, -1, 0.08884140104055405
26, 0.038409121302944244, -1, 0.08866269886493683
27, 0.037441019348122856, -1, 0.0888577476143837
28, 0.036627914693319434, -1, 0.08786404877901077
29, 0.03849297458475286, -1, 0.08685865253210068
30, 0.03861224459879326, -1, 0.09194749593734741
31, 0.03667075112462044, -1, 0.0916060358285904
32, 0.03596896630796519, -1, 0.09126965701580048
33, 0.037227024706927216, -1, 0.09075556695461273
34, 0.0372143500049909, -1, 0.13679324090480804
35, 0.03496595372756322, -1, 0.08894959837198257
36, 0.034487465624556395, -1, 0.08800098299980164
37, 0.03410720843708876, -1, 0.09010610729455948
38, 0.06768788858796611, -1, 0.08794210851192474
39, 0.059141352041201155, -1, 0.08917560428380966
reset
0, 0.0698088734348615, -1, 0.10590419173240662
1, 0.05939183871854435, -1, 0.12261227518320084
2, 0.054901345959215454, -1, 0.12233617156744003
3, 0.051768958893689244, -1, 0.13039834797382355
4, 0.0496836227720434, -1, 0.12551964819431305
5, 0.047694060125134205, -1, 0.12570495903491974
6, 0.04618972715103265, -1, 0.1231030821800232
7, 0.044887952443325156, -1, 0.1253746896982193
8, 0.04403281442143701, -1, 0.11862824857234955
9, 0.042997034390767415, -1, 0.12763343751430511
10, 0.04223335884737246, -1, 0.12692798674106598
11, 0.041515603173862804, -1, 0.12440529465675354
12, 0.04077844351530075, -1, 0.1218157559633255
13, 0.040158295983617955, -1, 0.12403885275125504
14, 0.03977578211011309, -1, 0.1242155060172081
15, 0.039282372309402985, -1, 0.12505145370960236
16, 0.03863107455047694, -1, 0.1259836107492447
17, 0.0382906164003141, -1, 0.1228325292468071
18, 0.03825916656490528, -1, 0.12139516323804855
19, 0.037730197536222865, -1, 0.1264372169971466
20, 0.037149871131687454, -1, 0.12041593343019485
21, 0.037045479168494544, -1, 0.12405955046415329
22, 0.03687411524581187, -1, 0.12670163810253143
23, 0.03669721316207539, -1, 0.1263742595911026
24, 0.03666845588069974, -1, 0.1259535551071167
25, 0.03630531912500208, -1, 0.12556974589824677
26, 0.03608628718238888, -1, 0.12662166357040405
27, 0.03584034868262031, -1, 0.12589354813098907
28, 0.03588251360438087, -1, 0.12255822122097015
29, 0.03561919628219171, -1, 0.12646596133708954
30, 0.035316128468874726, -1, 0.12498251348733902
31, 0.03537625069419543, -1, 0.11981654167175293
32, 0.035273535960551466, -1, 0.12367352098226547
33, 0.034998191012577576, -1, 0.12523353099822998
34, 0.034796705268549194, -1, 0.1461026817560196
35, 0.034710213979988386, -1, 0.12646889686584473
36, 0.03441282944697322, -1, 0.12651602923870087
37, 0.034533648563153815, -1, 0.12193833291530609
38, 0.03432152522784291, -1, 0.11938399076461792
39, 0.033985032592758986, -1, 0.1287449449300766
0, 0.07178597192872654, -1, 0.04657965898513794
1, 0.05952273213502132, -1, 0.11219416558742523
2, 0.054342476933291466, -1, 0.11670849472284317
3, 0.05123607894687941, -1, 0.11932762712240219
4, 0.04885419207088875, -1, 0.12156413495540619
5, 0.046771423934084, -1, 0.12227128446102142
6, 0.045128038001782965, -1, 0.12165865302085876
7, 0.04387635417959907, -1, 0.12036742269992828
8, 0.042905047111438985, -1, 0.11891914159059525
9, 0.041948409495931684, -1, 0.11944033205509186
10, 0.04115194613283331, -1, 0.11880835145711899
11, 0.04019957576737259, -1, 0.1233021691441536
12, 0.04004683223637667, -1, 0.12139004468917847
13, 0.03931269325993278, -1, 0.12030888348817825
14, 0.03887137961658565, -1, 0.1204710602760315
15, 0.038363675592523634, -1, 0.12076441198587418
16, 0.03807343799056429, -1, 0.11944693326950073
17, 0.037759363199725296, -1, 0.12082323431968689
18, 0.037411611107262696, -1, 0.12146193534135818
19, 0.0370176307044246, -1, 0.1219782829284668
20, 0.03684230236844583, -1, 0.12052170932292938
21, 0.036387553147294305, -1, 0.12175344675779343
22, 0.0360200404353214, -1, 0.12030056118965149
23, 0.035560017417777666, -1, 0.12263704836368561
24, 0.03521098740624659, -1, 0.12005330622196198
25, 0.03523025848648765, -1, 0.11713741719722748
26, 0.035270833869775135, -1, 0.12294216454029083
27, 0.03489119436704751, -1, 0.12046967446804047
28, 0.034873260720209645, -1, 0.1207146942615509
29, 0.034801816687439424, -1, 0.12211021780967712
30, 0.03461956563321027, -1, 0.1216159239411354
31, 0.034581715044650164, -1, 0.1222260370850563
32, 0.03447996827689084, -1, 0.1218254417181015
33, 0.03390462908780936, -1, 0.12200462073087692

0, 0.08862729827562968, -1, 0.08429165929555893
1, 0.07159999347997434, -1, 0.09513124823570251
2, 0.08459787524107731, -1, 0.09998978674411774
3, 0.08217590769131979, -1, 0.09832212328910828
4, 0.08125982998898534, -1, 0.09695632010698318
5, 0.0805744077852278, -1, 0.09674485772848129
6, 0.07964729700124625, -1, 0.09595908224582672
7, 0.08344451587308536, -1, 0.10025292634963989
8, 0.09018534980036996, -1, 0.09641599655151367
9, 0.07967398154916186, -1, 0.1205577552318573
10, 0.07393295561725444, -1, 0.13100074231624603
11, 0.07041707421794083, -1, 0.12958118319511414
12, 0.06788648783257513, -1, 0.1317887157201767
13, 0.06618541371641737, -1, 0.1329103261232376
14, 0.06488764782746632, -1, 0.13452018797397614
15, 0.06383046713742342, -1, 0.13373026251792908
16, 0.06295879703579527, -1, 0.1343274563550949
17, 0.0618944737405488, -1, 0.13300879299640656
18, 0.06219253334132108, -1, 0.1326567828655243
19, 0.06035513844453927, -1, 0.13350547850131989
20, 0.06065138730135831, -1, 0.13546839356422424
21, 0.060545127978830625, -1, 0.1329132616519928
22, 0.06016190125183626, -1, 0.13211366534233093
23, 0.05954634906667652, -1, 0.1321420967578888
24, 0.06010274175441627, -1, 0.13788093626499176
25, 0.05960431099841089, -1, 0.1354227364063263
26, 0.060001367447954236, -1, 0.13800334930419922
27, 0.059232019384702045, -1, 0.1375783234834671
28, 0.059714099584203775, -1, 0.13553832471370697
29, 0.05986062809373393, -1, 0.13474737107753754
30, 0.05981436502752882, -1, 0.13478487730026245
31, 0.05990627389965635, -1, 0.13335968554019928
32, 0.05964413623918186, -1, 0.13590146601200104
33, 0.059381952502510764, -1, 0.13511833548545837
34, 0.059579646424813705, -1, 0.13279546797275543
35, 0.05941275804331808, -1, 0.13295142352581024
36, 0.05994438496502963, -1, 0.13309253752231598
37, 0.05973009137493191, -1, 0.13298846781253815
38, 0.05881735603917729, -1, 0.13318754732608795
39, 0.058199727164976525, -1, 0.1332598775625229
p=1.0
0, 0.22008578403429552, -1, 0.1173417940735817
1, 0.17130516982439792, -1, 0.14583903551101685
2, 0.1594663873766408, -1, 0.1492720991373062
3, 0.16156281106399767, -1, 0.15353289246559143
4, 0.1607892013137991, -1, 0.15474273264408112
5, 0.2147472892746781, -1, 0.1537621170282364
6, 0.2385209985212846, -1, 0.2979702651500702
7, 0.2305933160131628, -1, 0.2857106924057007
8, 0.2482411669962334, -1, 0.27392295002937317
9, 0.268724426536849, -1, 0.2567093074321747
10, 0.2697817246480422, -1, 0.2719746232032776
11, 0.2685080907200322, -1, 0.27423757314682007
12, 0.21228661994139353, -1, 0.24869811534881592
13, 0.18067916418566848, -1, 0.2338462769985199
14, 0.18809850479617263, -1, 0.22114905714988708
15, 0.1789343413620284, -1, 0.21457919478416443
16, 0.16316974742846055, -1, 0.20716486871242523
17, 0.19485363799514194, -1, 0.20597106218338013
18, 0.16226750803716256, -1, 0.2014428973197937
19, 0.14900893155372505, -1, 0.1965867578983307
20, 0.14076590445908632, -1, 0.19180238246917725
21, 0.13554914871851603, -1, 0.18907101452350616
22, 0.1953485457644318, -1, 0.18787461519241333
23, 0.18568692429499192, -1, 0.18534651398658752
24, 0.19919866388494317, -1, 0.18460318446159363
25, 0.1570309565825896, -1, 0.18286888301372528
26, 0.21178468191262448, -1, 0.18310514092445374
27, 0.22770562692122026, -1, 0.29900044202804565
28, 0.26563828486384766, -1, 0.2905952036380768
29, 0.24765976244753057, -1, 0.28477248549461365
30, 0.26677195823553834, -1, 0.28571516275405884
31, 0.26648416309645684, -1, 0.28106170892715454
32, 0.30630006685401456, -1, 0.3093733787536621
33, 0.31420746723810833, -1, 0.37452471256256104
34, 0.31416035590749797, -1, 0.3744871914386749
35, 0.31416029290719466, -1, 0.3744872212409973
36, 0.3141602365175883, -1, 0.3744872510433197
37, 0.314159960566145, -1, 0.3744872212409973
38, 0.3141597576936086, -1, 0.3744871914386749
39, 0.31415974324399776, -1, 0.3744872212409973
P=0.75
0, 0.1485241596807133, -1, 0.05793563649058342
1, 0.1227384495193308, -1, 0.14715716242790222
2, 0.1385276073036772, -1, 0.1456497460603714
3, 0.12588985639991182, -1, 0.23420928418636322
4, 0.11776160438855489, -1, 0.2075059860944748
5, 0.11453260618628877, -1, 0.20357157289981842
6, 0.11501982448679028, -1, 0.20076659321784973
7, 0.11299097335699833, -1, 0.21027475595474243
8, 0.10568993080746043, -1, 0.1948181837797165
9, 0.11075851581313394, -1, 0.1955716758966446
10, 0.10631165356347055, -1, 0.19601799547672272
11, 0.10747828689488498, -1, 0.19421948492527008
12, 0.10743492623170217, -1, 0.20102517306804657
13, 0.1073906360611771, -1, 0.19555680453777313
14, 0.10695762693881988, -1, 0.1874801367521286
15, 0.10627407306974584, -1, 0.18856362998485565
16, 0.10291561531298088, -1, 0.18876147270202637
17, 0.10280043090834762, -1, 0.18275673687458038
18, 0.10401590020367593, -1, 0.18161725997924805
19, 0.1016221634908156, -1, 0.18389834463596344
20, 0.10263698005315029, -1, 0.18387578427791595
21, 0.1013438219012636, -1, 0.18145515024662018
22, 0.10179584965561375, -1, 0.18121498823165894
23, 0.10444074524171425, -1, 0.18082782626152039
24, 0.10570198122299079, -1, 0.1763925403356552
25, 0.1039179048574332, -1, 0.17423228919506073
26, 0.10210485700405006, -1, 0.17713308334350586
27, 0.09662770627122937, -1, 0.1785667985677719
28, 0.10048372167529482, -1, 0.17641261219978333
29, 0.09995242805191965, -1, 0.1781696379184723
30, 0.09778516419006117, -1, 0.176542729139328
31, 0.09874201194806533, -1, 0.17930330336093903
32, 0.09834945223548196, -1, 0.1774139702320099
33, 0.09811680213971571, -1, 0.17810259759426117
34, 0.09723853541143013, -1, 0.17704617977142334
35, 0.09738154039238439, -1, 0.17690333724021912
36, 0.09365840221896315, -1, 0.17759011685848236
37, 0.09654412265979882, -1, 0.1709311306476593
38, 0.09067173074592244, -1, 0.1778191477060318
39, 0.0961050253203421, -1, 0.18127690255641937
modify the number of epochs
0, 0.1769193084492828, -1, 0.056585228303447366
1, 0.1709424633510185, -1, 0.19034207705408335
2, 0.1625664710998535, -1, 0.15764147695153952
3, 0.17112738365476782, -1, 0.13936471845954657
4, 0.16568543307708972, -1, 0.1727366065606475
5, 0.16325568450219705, -1, 0.14884398598223925
6, 0.16758788768089178, -1, 0.13809444662183523
7, 0.16772275332248573, -1, 0.16557900793850422
8, 0.16676418401978232, -1, 0.16235767118632793
9, 0.1574933030207952, -1, 0.1523883482441306
10, 0.1564126831112486, -1, 0.1437007999047637
11, 0.15444637098095634, -1, 0.13744302280247211
12, 0.15309982854308504, -1, 0.13344739098101854
13, 0.15151466338923483, -1, 0.12986678071320057
14, 0.14965298347400896, -1, 0.12755490047857165
15, 0.14823447969826786, -1, 0.12556667253375053
16, 0.14697841133132125, -1, 0.12336186273023486
17, 0.1458754959973422, -1, 0.1214702376164496
18, 0.14439350713383067, -1, 0.11915893154218793
19, 0.1438759555058046, -1, 0.11732015339657664
20, 0.14293643696741623, -1, 0.11434488045051694
21, 0.1428363857124791, -1, 0.11317533627152443
22, 0.14221911813273574, -1, 0.11170624056831002
23, 0.16170671968749076, -1, 0.1102123255841434
24, 0.16273775301196358, -1, 0.14366779569536448
25, 0.15249467954491125, -1, 0.13933310471475124
26, 0.14058699161717386, -1, 0.11032701609656215
27, 0.13993574472990902, -1, 0.10780692100524902
28, 0.1610666474429044, -1, 0.10736161936074495
29, 0.16171111742655436, -1, 0.13658055197447538
30, 0.16222265655344184, -1, 0.13335988484323025
31, 0.14906928519407908, -1, 0.13132948614656925
32, 0.1393548935290539, -1, 0.10698442813009024
33, 0.13920082612471146, -1, 0.10615894384682178
34, 0.15613448804075067, -1, 0.10563980275765061
35, 0.14956251541773477, -1, 0.12733424734324217
36, 0.14656075408964447, -1, 0.12290184432640672
37, 0.14386418172807405, -1, 0.12015737779438496
38, 0.14324388659361637, -1, 0.1172958230599761
39, 0.1420668965578079, -1, 0.11480640713125467
more nodes (seems like combo fights with chaff)
0, 0.17518533569393735, -1, 0.06704035447910428
1, 0.1744758614807418, -1, 0.24562826566398144
2, 0.18058718394149434, -1, 0.1902024932205677
3, 0.16981662542530984, -1, 0.2108793342486024
4, 0.16905013691295276, -1, 0.19823332969099283
5, 0.16686077856656276, -1, 0.18933768570423126
6, 0.16500565050226268, -1, 0.18284618761390448
7, 0.16363852632768228, -1, 0.17967353016138077
8, 0.1668699756896857, -1, 0.17931722197681665
9, 0.16623472835078384, -1, 0.18312250450253487
10, 0.16527191393303148, -1, 0.17583453375846148
11, 0.16485144938483381, -1, 0.17045179102569818
12, 0.1648517741759618, -1, 0.16580451279878616
13, 0.16434564953500574, -1, 0.1605172986164689
14, 0.16305386277762327, -1, 0.16096466779708862
15, 0.1644618107513948, -1, 0.15329498425126076
16, 0.16263626105857618, -1, 0.14954944234341383
17, 0.16398047723553397, -1, 0.14751127641648054
18, 0.16269430742119298, -1, 0.15740148536860943
19, 0.1635732638835907, -1, 0.16242787521332502
20, 0.16232378081841903, -1, 0.15354529209434986
21, 0.16259261739976477, -1, 0.14929446019232273
22, 0.16199268825126417, -1, 0.14627375081181526
23, 0.16222795963287354, -1, 0.14253275468945503
24, 0.16201042718959577, -1, 0.13957415148615837
25, 0.16129931836417227, -1, 0.13977294228971004
26, 0.15600434563376686, -1, 0.1364747965708375
27, 0.14842728264404065, -1, 0.1333454204723239
28, 0.14474616625092246, -1, 0.15543037839233875
29, 0.14374366586858575, -1, 0.14229315519332886
30, 0.14361624080123322, -1, 0.14051089715212584
31, 0.15531707958741622, -1, 0.13781911600381136
32, 0.15047799119443606, -1, 0.14375330694019794
33, 0.1451375878760309, -1, 0.1403720760717988
34, 0.14134328471891808, -1, 0.1402829997241497
35, 0.1412082941604383, -1, 0.1365224039182067
36, 0.13544752408157695, -1, 0.1353282332420349
37, 0.1344691799987446, -1, 0.13370400480926037
38, 0.1344393145496195, -1, 0.13237992394715548
39, 0.13266694354288505, -1, 0.14275509119033813
fewer nodes (seems like combo fights with chaff)
0, 0.17211513891364588, -1, 0.09668345935642719
1, 0.17034552012429094, -1, 0.09793915692716837
2, 0.16910256205183086, -1, 0.0979335349984467
3, 0.16880137703635475, -1, 0.09792074514552951
4, 0.18271324076435783, -1, 0.09772695461288095
5, 0.16813422735893366, -1, 0.10722221340984106
6, 0.1673610175920255, -1, 0.09734869468957186
7, 0.18308612516432096, -1, 0.09676773427054286
8, 0.18617040525783193, -1, 0.27694294415414333
9, 0.16630861854914464, -1, 0.1983947609551251
10, 0.1836601643670689, -1, 0.09686526888981462
11, 0.16588700034401632, -1, 0.1774698314256966
12, 0.1829666717485948, -1, 0.09634024370461702
13, 0.1829700806827256, -1, 0.1978920348919928
14, 0.16480290895158595, -1, 0.25535648316144943
15, 0.18261250730716821, -1, 0.09648821596056223
16, 0.18303040201013737, -1, 0.1852535419166088
17, 0.18526338830138697, -1, 0.27698183059692383
18, 0.1858722305839712, -1, 0.27705254778265953
more in second layer
0, 0.18366748564171068, -1, 0.14433051459491253
1, 0.17627495084748124, -1, 0.2613390274345875
2, 0.17196000256321647, -1, 0.22732415329664946
3, 0.16990335789593783, -1, 0.2122098347172141
4, 0.16893374090844934, -1, 0.20488583948463202
5, 0.16865508700862075, -1, 0.1967184292152524
6, 0.1673159119757739, -1, 0.18986339960247278
7, 0.16638989719477568, -1, 0.18468410521745682
8, 0.16608524400176425, -1, 0.18020731955766678
9, 0.16600101214466673, -1, 0.18031349126249552
10, 0.16539082126183943, -1, 0.17704878561198711
11, 0.16523290966496323, -1, 0.17500311322510242
12, 0.16492577704516323, -1, 0.17176816426217556
13, 0.16489397345167217, -1, 0.16866003349423409
14, 0.1652260149608959, -1, 0.16561198700219393
15, 0.16472694738344712, -1, 0.1641127271577716
16, 0.16566304578925625, -1, 0.16099700797349215
17, 0.165088971546202, -1, 0.15871209651231766
18, 0.16467523858402713, -1, 0.15643193759024143
19, 0.16466005106767018, -1, 0.154577667824924
20, 0.16520496341315183, -1, 0.15274551324546337
21, 0.16408144414424897, -1, 0.15079702995717525
22, 0.16367741922537485, -1, 0.1491410443559289
23, 0.16385967485832445, -1, 0.1475710878148675
24, 0.16289867796681143, -1, 0.14609005954116583
25, 0.16334719347231316, -1, 0.14451564196497202
26, 0.1622124002015952, -1, 0.14308979362249374
27, 0.16253503347888137, -1, 0.14166642166674137
28, 0.1623802981232152, -1, 0.14058909937739372
29, 0.1622250694578344, -1, 0.13927143439650536
30, 0.16149469617641332, -1, 0.1380269844084978
31, 0.16172085778279738, -1, 0.1368004661053419
32, 0.1616872959425955, -1, 0.1358191454783082
33, 0.161689439831358, -1, 0.13461101241409779
34, 0.16096634527047476, -1, 0.13374344259500504
35, 0.16124026278654735, -1, 0.13262549601495266
36, 0.16060814425800785, -1, 0.13177199475467205
37, 0.1605285603169239, -1, 0.13110877200961113
38, 0.16027652409943668, -1, 0.1300105107948184
39, 0.16020706451300418, -1, 0.12842390406876802
reduce batch size 128
0, 0.18007461378068634, -1, 0.06774826114997268
1, 0.17626017454898718, -1, 0.23045743070542812
2, 0.18036119164842548, -1, 0.2290692487731576
3, 0.18175384638887462, -1, 0.1843809960409999
4, 0.18179666219335613, -1, 0.16625863686203957
5, 0.17997128734082887, -1, 0.27161700278520584
6, 0.17404413412917744, -1, 0.26975702308118343
7, 0.17912737035390103, -1, 0.20542564988136292
8, 0.18071695282603756, -1, 0.27625155076384544
9, 0.1808084723624316, -1, 0.27627804689109325
10, 0.1794179515946995, -1, 0.2762457672506571
11, 0.1774222794446078, -1, 0.27620386704802513
12, 0.17634581488190276, -1, 0.27636016719043255
13, 0.17632538627494465, -1, 0.2765245959162712
14, 0.1757440327694922, -1, 0.2763483691960573
15, 0.18118870785742094, -1, 0.27627318911254406
16, 0.17520445106607496, -1, 0.2762088943272829
17, 0.17452966565435582, -1, 0.2762600462883711
18, 0.17969673590226606, -1, 0.27628653310239315
19, 0.177012790387327, -1, 0.27615805342793465
20, 0.18023541501074125, -1, 0.27615666575729847
21, 0.17959503771680774, -1, 0.2542886110022664
22, 0.1812545624104413, -1, 0.27644176222383976
23, 0.18131070377248706, -1, 0.2762771397829056
24, 0.1811726626844117, -1, 0.27623181976377964
25, 0.18101644322727667, -1, 0.20040573738515377
26, 0.1808084567568519, -1, 0.14807554241269827
27, 0.17645002507802213, -1, 0.13995204772800207
28, 0.1807285932338599, -1, 0.14513323735445738
29, 0.18166843510035313, -1, 0.12954677920788527
30, 0.1820263148799087, -1, 0.14413605676963925
31, 0.18222279913497694, -1, 0.12269433541223407
32, 0.18137052442088272, -1, 0.11967752547934651
33, 0.18127015471458435, -1, 0.27618829905986786
34, 0.1812547113498052, -1, 0.2762433085590601
35, 0.18111455073862365, -1, 0.27623870596289635
36, 0.1807050790389379, -1, 0.27621849812567234
37, 0.18143478834267818, -1, 0.2762124799191952
38, 0.18163084602717197, -1, 0.2665161113254726
39, 0.1810707957094366, -1, 0.27616628631949425
reduce batch size 512
0, 0.1840002715768236, -1, 0.06110839708708227
1, 0.18474349459012349, -1, 0.2721572741866112
2, 0.1844639240250443, -1, 0.27661504223942757
p 0.5; 32x9; bs2048
0, 0.1382334953546524, -1, 0.07550636166706681
1, 0.1381526835940101, -1, 0.08418125426396728
2, 0.1355951680920341, -1, 0.12311456864699721
3, 0.13822026565219417, -1, 0.116568757686764
4, 0.13566665908603956, -1, 0.11245021689683199
5, 0.13580088487177183, -1, 0.11784136155620217
6, 0.13874011092113725, -1, 0.1141983363777399
7, 0.1359231007460392, -1, 0.1080226325429976
8, 0.11803597544178818, -1, 0.10710821207612753
9, 0.11620840910709265, -1, 0.10625925520434976
10, 0.1132840258063692, -1, 0.10560630587860942
11, 0.1331519342733152, -1, 0.10467255301773548
12, 0.12520894247474093, -1, 0.10387783357873559
13, 0.13786892009503915, -1, 0.10314070014283061
14, 0.13774376330953655, -1, 0.10260057309642434
15, 0.1372113276792295, -1, 0.10215748241171241
16, 0.13690081040064495, -1, 0.10178777063265443
17, 0.13617739883336155, -1, 0.10149419354274869
18, 0.1165667906855092, -1, 0.10087506240233779
19, 0.13670046641971126, -1, 0.09959991462528706
20, 0.1349921597133983, -1, 0.0994955194182694
21, 0.13604398572083676, -1, 0.0994423720985651
22, 0.1347706918102322, -1, 0.09860506653785706
23, 0.13471409474358415, -1, 0.09885425912216306
24, 0.122914057970047, -1, 0.09908882668241858
25, 0.10661502760468107, -1, 0.09870992368087173
26, 0.10539864462433439, -1, 0.09814730891957879
27, 0.10600305699940883, -1, 0.09780680341646075
28, 0.10387893409440012, -1, 0.09798225667327642
29, 0.10058551423477403, -1, 0.09821466729044914
30, 0.10204920369567293, -1, 0.0975290210917592
31, 0.10165352973071011, -1, 0.09735207259654999
32, 0.09885469868327632, -1, 0.09703804738819599
33, 0.0980929291790182, -1, 0.09701220458373427
34, 0.0976407289685625, -1, 0.0961448261514306
35, 0.09935915968634866, -1, 0.09624050604179502
36, 0.09590111721645703, -1, 0.09542165882885456
37, 0.09852670339020815, -1, 0.09519570972770452
38, 0.09783686469901692, -1, 0.09571867156773806
39, 0.09481553957317815, -1, 0.09459964837878942
more...will it crash?
0, 0.1382334953546524, -1, 0.07550636166706681, 29.35634503364563
1, 0.1381526835940101, -1, 0.08418125426396728, 35.06961856285731
2, 0.1355951680920341, -1, 0.12311456864699721, 40.74379802544912
3, 0.13822026565219417, -1, 0.116568757686764, 46.53351449569066
4, 0.13566665908603956, -1, 0.11245021689683199, 52.381806079546614
5, 0.13580088487177183, -1, 0.11784136155620217, 58.185978372891746
6, 0.13874011092113725, -1, 0.1141983363777399, 63.99796864191691
7, 0.1359231007460392, -1, 0.1080226325429976, 69.7939614256223
8, 0.11803597544178818, -1, 0.10710821207612753, 75.48758546908697
9, 0.11620840910709265, -1, 0.10625925520434976, 81.17544433275859
10, 0.1132840258063692, -1, 0.10560630587860942, 86.86099172433218
11, 0.1331519342733152, -1, 0.10467255301773548, 92.56472026109695
12, 0.12520894247474093, -1, 0.10387783357873559, 98.26074511210123
13, 0.13786892009503915, -1, 0.10314070014283061, 103.98207023541133
14, 0.13774376330953655, -1, 0.10260057309642434, 109.69151736895243
15, 0.1372113276792295, -1, 0.10215748241171241, 115.40582605202992
16, 0.13690081040064495, -1, 0.10178777063265443, 121.12038378318151
17, 0.13617739883336155, -1, 0.10149419354274869, 126.85332974990209
18, 0.1165667906855092, -1, 0.10087506240233779, 132.65566444794337
19, 0.13670046641971126, -1, 0.09959991462528706, 138.49593190749485
20, 0.1349921597133983, -1, 0.0994955194182694, 144.3303792834282
21, 0.13604398572083676, -1, 0.0994423720985651, 150.13448447783787
22, 0.1347706918102322, -1, 0.09860506653785706, 155.95142906109493
23, 0.13471409474358415, -1, 0.09885425912216306, 161.75945778687796
24, 0.122914057970047, -1, 0.09908882668241858, 167.44006269772848
25, 0.10661502760468107, -1, 0.09870992368087173, 173.10807069540024
26, 0.10539864462433439, -1, 0.09814730891957879, 178.7519778251648
27, 0.10600305699940883, -1, 0.09780680341646075, 184.40403269529344
28, 0.10387893409440012, -1, 0.09798225667327642, 190.05451822280884
29, 0.10058551423477403, -1, 0.09821466729044914, 195.63474735418956
30, 0.10204920369567293, -1, 0.0975290210917592, 201.21071783701578
31, 0.10165352973071011, -1, 0.09735207259654999, 206.78770155906676
32, 0.09885469868327632, -1, 0.09703804738819599, 212.36777971188226
33, 0.0980929291790182, -1, 0.09701220458373427, 217.9506861527761
34, 0.0976407289685625, -1, 0.0961448261514306, 223.56143097082773
35, 0.09935915968634866, -1, 0.09624050604179502, 229.2161128004392
36, 0.09590111721645703, -1, 0.09542165882885456, 234.87175552447636
37, 0.09852670339020815, -1, 0.09519570972770452, 240.53307284911475
38, 0.09783686469901692, -1, 0.09571867156773806, 246.18371759653093
39, 0.09481553957317815, -1, 0.09459964837878942, 251.8960796713829
40, 0.09463092077862133, -1, 0.09437394794076681, 257.6857298175494
41, 0.1362589751771002, -1, 0.09486003359779716, 263.4240223010381
42, 0.13553524947527684, -1, 0.09406841406598687, 269.1690867940585
43, 0.09625325549732555, -1, 0.09410939365625381, 274.94492859045664
44, 0.09286635371771726, -1, 0.09402213525027037, 280.70389988819755
45, 0.09252198815345763, -1, 0.09422706160694361, 286.53751562833787
46, 0.09214269119681734, -1, 0.09371857391670346, 292.29717090527214
47, 0.09202053456595449, -1, 0.09374133450910449, 298.0613917152087
48, 0.0918699578444163, -1, 0.09352371888235211, 303.81268410285315
49, 0.09534321624221223, -1, 0.09291935805231333, 309.5905853947004
50, 0.09116934196515517, -1, 0.09222985059022903, 315.3833194812139
51, 0.09816720231012864, -1, 0.09204798936843872, 321.1382105946541
52, 0.11728639073444136, -1, 0.09173800237476826, 326.8995087822278
53, 0.09378099541772496, -1, 0.09476503496989608, 332.65052082935966
54, 0.09050253665808475, -1, 0.09243045188486576, 338.4128832538923
55, 0.10465130106969313, -1, 0.09265190176665783, 344.24175484577813
56, 0.08925379700732954, -1, 0.09150322014465928, 350.118091293176
57, 0.09008916374408837, -1, 0.0913248285651207, 356.0287805517515
58, 0.09110271546876791, -1, 0.09105387702584267, 361.94904509782793
59, 0.0885104177937363, -1, 0.09134292183443904, 367.8777601321538
60, 0.0897442808024811, -1, 0.09076629066839814, 373.6663629929225
61, 0.08909332825378938, -1, 0.09057412762194872, 379.3665371656418
62, 0.09359171363440427, -1, 0.09056606749072671, 385.07048562765124
63, 0.09003427305907914, -1, 0.09025281155481935, 390.7748141725858
64, 0.0875979594931458, -1, 0.09019390773028135, 396.4764720797539
65, 0.08955405615495914, -1, 0.08981552766636014, 402.19948350985845
66, 0.08834394746657574, -1, 0.08951169345527887, 407.9294748266538
67, 0.08650677770376206, -1, 0.08941319398581982, 413.6417737086614
68, 0.08589927033944564, -1, 0.0895330086350441, 419.35516302585603
69, 0.0902112632267403, -1, 0.09040611423552036, 425.0542992393176
70, 0.0866460823561206, -1, 0.09005259769037366, 430.81840716997783
71, 0.08654932451067548, -1, 0.0897170938551426, 436.7462938308716
72, 0.08539167247035287, -1, 0.088744365144521, 442.68967973391216
73, 0.08485659247094934, -1, 0.08996801590546966, 448.6177051385244
74, 0.08560030337535973, -1, 0.08952719811350107, 454.554686164856
75, 0.08508364547382702, -1, 0.08914251253008842, 460.4640832304955
76, 0.08430579588268743, -1, 0.088922212831676, 466.3140043616295
77, 0.08515823473532995, -1, 0.08916915254667401, 472.0833758513133
78, 0.08421875889554169, -1, 0.08860099222511053, 477.8396707455317
79, 0.08461901860706735, -1, 0.08839809941127896, 483.5896870136261
80, 0.08449933395241246, -1, 0.08845995459705591, 489.3424442211787
81, 0.12669436091726477, -1, 0.08801739010959864, 494.99196561574934
82, 0.08341359224283335, -1, 0.08779106242582202, 500.6082073847453
83, 0.08292206875302575, -1, 0.0876137693412602, 506.2675505876541
84, 0.083050016607299, -1, 0.08747227722778916, 511.89379843870796
85, 0.08364769312468442, -1, 0.08750966237857938, 517.5302498221397
86, 0.12114669657114781, -1, 0.08786723855882883, 523.1990416646004
87, 0.08928367667125933, -1, 0.08706270810216665, 528.8531493584316
88, 0.08361267626285553, -1, 0.08676200918853283, 534.5425650119781
89, 0.08267977838263367, -1, 0.09255656274035573, 540.1816984534264
90, 0.08264582398262892, -1, 0.08645513840019703, 545.8472808003426
91, 0.08348457843968363, -1, 0.08634345419704914, 551.573913081487
92, 0.08202462779753136, -1, 0.08628950035199523, 557.4180270870527
93, 0.08274382044871648, -1, 0.08608015719801188, 563.2383744517962
94, 0.08282119738333153, -1, 0.08628680184483528, 569.0568661848704
95, 0.08338070692438068, -1, 0.08595339627936482, 574.9016904075941
96, 0.08270659145983783, -1, 0.08933145087212324, 580.7424475987752
97, 0.08273924730943912, -1, 0.08583850366994739, 586.6836039741834
98, 0.0832811055761395, -1, 0.08577998727560043, 592.6947081128757
99, 0.08255366217006337, -1, 0.08706218283623457, 598.7180295904477
100, 0.08249177905646238, -1, 0.0853144945576787, 604.7129995505015
101, 0.08287327740228537, -1, 0.08537535043433309, 610.7009814341862
102, 0.08182268087611054, -1, 0.08565936842933297, 616.6633533596993
103, 0.08208657398368373, -1, 0.08547667087987065, 622.609168235461
104, 0.08199612844170946, -1, 0.08538929605856538, 628.5842672785124
105, 0.08193297495444615, -1, 0.08527321135625243, 634.5551563501358
106, 0.08168551847790227, -1, 0.08502857992425561, 640.5097047170003
107, 0.08185940238562497, -1, 0.08508694730699062, 646.4388767401377
108, 0.08170303657199397, -1, 0.0851414049975574, 652.2991273323695
109, 0.08189096401135126, -1, 0.08492172881960869, 658.1546526908875
110, 0.08172028780886621, -1, 0.08497060695663095, 663.979104566574
111, 0.08202049272530007, -1, 0.08491058042272925, 669.8326542297999
112, 0.08183312088251114, -1, 0.08481057221069932, 675.5369979818662
113, 0.08172757148742676, -1, 0.08440529135987163, 681.2281252861023
114, 0.08192525926864508, -1, 0.08418319001793861, 686.9325482447942
115, 0.08178731655532663, -1, 0.08464518608525395, 692.6174777150154
116, 0.08173508268414122, -1, 0.08462290931493044, 698.3189255952835
117, 0.08175859570503236, -1, 0.08388354117050767, 704.0319545467695
118, 0.0812713686896093, -1, 0.08542272867634892, 709.7949176390965
119, 0.08147915356990063, -1, 0.08576438901945949, 715.5615531325341
120, 0.08124278909329212, -1, 0.08441321784630418, 721.3195200204849
121, 0.08170267152966874, -1, 0.0840101633220911, 727.0534854849179
122, 0.08158974626750658, -1, 0.08309419313445687, 732.9166241765022
123, 0.08211764003291275, -1, 0.08446022309362888, 738.8611649592717
124, 0.08104528625806173, -1, 0.08430714718997478, 744.7899771173795
125, 0.08097422448071566, -1, 0.08403814863413572, 750.7178950866063
126, 0.13564734224117164, -1, 0.0837657474912703, 756.6418215990067
127, 0.08124165152058457, -1, 0.08414004510268569, 762.5650008598964
0, 0.14433913826942443, -1, 0.2069289163047065, 182.65729935566586
1, 0.1440961854159832, -1, 0.2046369162391391, 204.1503817796707
2, 0.14379279732704162, -1, 0.20478314670120798, 225.68173751831054
3, 0.1434655600786209, -1, 0.20494454163240222, 247.242605026563
4, 0.14315073892474175, -1, 0.20509895965625705, 268.7951335112254
5, 0.142871915102005, -1, 0.2052329843149939, 290.230093618234
6, 0.1426355291903019, -1, 0.2053437590443299, 311.47648306290307
7, 0.1424343578517437, -1, 0.2054343797844098, 332.73400284051894
8, 0.14225830554962157, -1, 0.2055102330032178, 354.5344626704852
9, 0.1420958848297596, -1, 0.2055770626960108, 376.126799194018
10, 0.14193499818444252, -1, 0.20564044768295742, 397.9492625594139
11, 0.14176391959190368, -1, 0.20570542811309003, 420.1656792203585
12, 0.14157505661249162, -1, 0.205775859463921, 441.66407953103385
13, 0.1413659682869911, -1, 0.20585343981233103, 464.71020261844
14, 0.1411426468193531, -1, 0.20593688745077582, 486.36512831846875
15, 0.14091538086533548, -1, 0.20602221968048334, 507.9933874766032
prior 16 from 6 hours of processing on dell laptop; should take ~42 more hours
16, 0.14069416463375092, -1, 0.2061041728804336, 529.4070763071378
17, 0.14048827454447746, -1, 0.20617811287386595, 551.4022993246714
18, 0.14030330672860145, -1, 0.20624143846060444, 572.8124450524648
19, 0.14013667345046998, -1, 0.2062936148051341, 594.1909898678462
20, 0.1399875470995903, -1, 0.2063355016187872, 615.6070151805877
21, 0.13985527127981187, -1, 0.20636862653992316, 636.9940540115039
22, 0.13973816961050034, -1, 0.20639464178021985, 658.4005733966827
23, 0.13963417679071427, -1, 0.2064150139488254, 679.8135765075683
24, 0.1395416158437729, -1, 0.20643101413880283, 701.192207801342
25, 0.1394592159986496, -1, 0.20644359351281816, 722.5582357724508
26, 0.13938545316457748, -1, 0.20645356397971978, 743.9319056193034
27, 0.1393195001780987, -1, 0.20646147651253885, 765.3131578485171
28, 0.13926011189818382, -1, 0.20646781412047377, 786.7364259839057
29, 0.1392066565155983, -1, 0.2064729086756187, 808.2954150358836
30, 0.13915826991200447, -1, 0.20647703212092045, 829.6933436075847
31, 0.13911448821425437, -1, 0.20648038960045742, 851.1280696034431
32, 0.13907473549246788, -1, 0.20648314236283613, 872.5567636728287
33, 0.13903855055570602, -1, 0.2064853835597842, 893.9907351732254
34, 0.13900549709796906, -1, 0.20648725135479032, 915.3715029478074
35, 0.13897522360086442, -1, 0.20648880102363407, 936.7846391201019
36, 0.1389475065469742, -1, 0.2064900928491707, 958.2094757517178
37, 0.13892213001847267, -1, 0.20649117361494576, 979.6496070583661
38, 0.1388988710939884, -1, 0.20649209330410076, 1001.0996433973312
39, 0.13887744903564453, -1, 0.20649286878103787, 1022.4963042179744
40, 0.1388577002286911, -1, 0.20649352581775665, 1044.0056680520377
41, 0.1388395108282566, -1, 0.20649408683089948, 1065.4635002374648
42, 0.13882271006703376, -1, 0.20649456908725175, 1086.928553056717
43, 0.13880717217922212, -1, 0.2064949917941247, 1108.396106016636
44, 0.1387927959859371, -1, 0.20649535222569618, 1129.8321731845538
45, 0.1387794780731201, -1, 0.20649567409012895, 1151.3096404711405
46, 0.13876713082194328, -1, 0.20649594311255196, 1172.7203453063964
47, 0.13875571608543397, -1, 0.2064961843899993, 1194.132090973854
48, 0.13874513804912567, -1, 0.20649640723894178, 1215.5547988653184
49, 0.1387353067100048, -1, 0.20649660108383835, 1236.9760998407999
50, 0.13872616693377496, -1, 0.20649677189229257, 1258.415815047423
51, 0.1387176878750324, -1, 0.20649694162339802, 1279.896620007356
52, 0.13870978757739066, -1, 0.20649707859920707, 1301.376755098502
53, 0.1387024490535259, -1, 0.20649722056911174, 1322.8117261211078
54, 0.1386956152319908, -1, 0.20649733220126468, 1344.2833121577899
55, 0.1386892606317997, -1, 0.20649746135980515, 1365.7597745339076
56, 0.13868334025144577, -1, 0.2064975676701148, 1387.284774796168
57, 0.13867782399058343, -1, 0.20649767481764122, 1408.8542950630188
58, 0.13867268174886704, -1, 0.20649776232626796, 1430.4049118161201
59, 0.13866790533065795, -1, 0.2064978618512274, 1451.9499298771223
60, 0.13866345152258874, -1, 0.20649794637118482, 1473.5802573402723
61, 0.13865930542349816, -1, 0.20649802953796623, 1495.139158729712
62, 0.13865544825792311, -1, 0.20649812281300486, 1516.6067449967065
63, 0.13865185722708703, -1, 0.20649820161198074, 1537.85075122118
64, 0.13864853531122207, -1, 0.20649827059150677, 1559.0875985383987
65, 0.13864543303847313, -1, 0.2064983647037622, 1580.3624726057053
66, 0.13864254593849182, -1, 0.20649843224574152, 1601.7136713822683
67, 0.13863986790180205, -1, 0.20649850298082684, 1623.0579146146774
68, 0.13863737612962723, -1, 0.20649857605233113, 1644.430357948939
69, 0.1386350627243519, -1, 0.2064986583397104, 1665.7765605727832
70, 0.1386328987777233, -1, 0.20649872712777986, 1687.204527258873
71, 0.13863087818026543, -1, 0.20649879958597417, 1708.8662224650384
72, 0.13862900137901307, -1, 0.20649886604086967, 1730.6181468725204
73, 0.13862726345658302, -1, 0.20649894357428525, 1752.2720585107804
74, 0.1386256329715252, -1, 0.20649901369281554, 1773.9283065120378
75, 0.13862413853406907, -1, 0.20649907863877376, 1795.5659437974293
76, 0.13862274035811425, -1, 0.2064991593880105, 1817.1948350429534
77, 0.13862143471837043, -1, 0.2064992275789951, 1838.8497675816218
78, 0.13862022265791893, -1, 0.2064992957440195, 1860.5038519541422
79, 0.138619092553854, -1, 0.20649937227147694, 1882.2032138228417
80, 0.13861804634332656, -1, 0.20649943250565683, 1903.859879330794
81, 0.13861708715558052, -1, 0.20649950620020618, 1925.6367997288703
82, 0.1386161969602108, -1, 0.20649957154205764, 1947.3342076778413
83, 0.13861536473035813, -1, 0.20649964568442064, 1968.8583263556163
84, 0.13861460462212563, -1, 0.2064997100689893, 1990.2525846600533
85, 0.13861389458179474, -1, 0.20649978279327577, 2011.7737120350203
86, 0.13861324310302733, -1, 0.20649985782477603, 2033.141108727455
87, 0.13861264362931253, -1, 0.20649992358523586, 2054.508467435837
88, 0.1386120843887329, -1, 0.2064999939925735, 2075.876122307777
89, 0.1386115725338459, -1, 0.20650006484447975, 2097.2484676798185
90, 0.13861111149191857, -1, 0.20650013941194123, 2118.5965523997943
91, 0.13861068055033685, -1, 0.20650019905228129, 2139.9833547155063
92, 0.13861029356718063, -1, 0.20650026987173728, 2161.3544036984445
93, 0.13860993981361389, -1, 0.2065003444099935, 2182.846738465627
94, 0.13860961988568307, -1, 0.20650041475567565, 2204.2744977434477
95, 0.1386093218624592, -1, 0.206500473938467, 2225.723793240388
96, 0.13860905528068543, -1, 0.2065005563913426, 2247.174248659611
97, 0.13860881790518761, -1, 0.20650061603168265, 2268.5503959496814
98, 0.13860860243439674, -1, 0.20650068543630715, 2290.0008569161096
99, 0.13860841527581214, -1, 0.20650076920990848, 2311.4426001469296
100, 0.1386082300543785, -1, 0.2065008288697187, 2332.835808765888
101, 0.13860808402299882, -1, 0.20650090337552468, 2354.2750406543414
102, 0.13860794082283973, -1, 0.2065009685940651, 2375.729284083843
103, 0.13860783442854882, -1, 0.20650103798570948, 2397.1906933148703
104, 0.13860773354768752, -1, 0.20650111712216812, 2418.6243498245876
105, 0.1386076506972313, -1, 0.20650117488039288, 2440.1046001791956
106, 0.13860757946968078, -1, 0.20650124750732857, 2461.5264037211737
107, 0.13860753133893014, -1, 0.206501322931477, 2482.8660901586213
108, 0.1386074884235859, -1, 0.20650138533982457, 2504.2421803832053
109, 0.13860745698213578, -1, 0.20650146401224442, 2525.6212074836094
110, 0.1386074371635914, -1, 0.206501532443361, 2546.9959771315257
111, 0.1386074283719063, -1, 0.20650159715892236, 2568.386622949441
112, 0.13860743448138238, -1, 0.20650167023042665, 2589.8431156833967
113, 0.1386074434220791, -1, 0.20650173540678174, 2611.268998666604
114, 0.13860746145248412, -1, 0.2065017936193102, 2632.6675297498705
115, 0.1386074846982956, -1, 0.20650188715719595, 2654.1084419528643
116, 0.13860751152038575, -1, 0.20650195093494467, 2675.5466440955797
117, 0.13860754862427713, -1, 0.20650201333355717, 2697.1413643519086
118, 0.13860758885741234, -1, 0.20650208639208137, 2718.6005458076793
119, 0.13860764905810355, -1, 0.2065021492742028, 2740.085222085317
120, 0.1386077030003071, -1, 0.20650221626452764, 2761.623114311695
121, 0.13860776737332345, -1, 0.20650228659073963, 2783.1279991984366
122, 0.13860783115029335, -1, 0.20650236614256162, 2804.6088060736656
123, 0.13860790461301803, -1, 0.206502432704543, 2826.100131269296
124, 0.13860797196626662, -1, 0.20650250068460088, 2847.5939909736317
125, 0.13860805138945578, -1, 0.20650256351155685, 2869.101233613491
126, 0.1386081275343895, -1, 0.20650263424664217, 2890.5944004178045
127, 0.138608208745718, -1, 0.20650270081186856, 2912.0505521615346
Jaro qualitatively similar to Levenstein esults but costs apear higher
0, 0.13110151886940002, -1, 0.14668634068220854, 28.598123423258464
1, 0.12823033332824707, -1, 0.14630983769893646, 42.61851693789164
2, 0.12699617445468903, -1, 0.14643022790551186, 56.53721491098404
3, 0.12615269422531128, -1, 0.1464563850313425, 70.51906842788061
4, 0.1254889965057373, -1, 0.14644420519471169, 84.45944408178329
5, 0.12494456022977829, -1, 0.14642095286399126, 98.48619620402654
6, 0.1244809553027153, -1, 0.14637631736695766, 112.47034109830857
7, 0.12407712638378143, -1, 0.14630982093513012, 126.83323309024175
8, 0.12371813505887985, -1, 0.1462339535355568, 140.96320155064265
9, 0.12339435517787933, -1, 0.14613392669707537, 154.92218585809073
10, 0.12309814989566803, -1, 0.14604050107300282, 168.8212764620781
11, 0.12282432615756989, -1, 0.1459130859002471, 182.68772046168644
12, 0.12256994098424911, -1, 0.14579163771122694, 196.61441253026325
13, 0.12233203649520874, -1, 0.145658565685153, 210.50788336992264
14, 0.12210824340581894, -1, 0.14551114570349455, 224.38909528652826
15, 0.1218966692686081, -1, 0.14534524083137512, 238.3380180199941
16, 0.12169790267944336, -1, 0.14517601020634174, 252.285666513443
17, 0.12150579690933228, -1, 0.14500436652451754, 266.55152981678646
18, 0.12132252007722855, -1, 0.14483728911727667, 280.768862593174
19, 0.12114772945642471, -1, 0.14466541819274426, 294.92717955509823
20, 0.12098082900047302, -1, 0.14448584988713264, 309.1119856119156
21, 0.12082111835479736, -1, 0.14429898001253605, 323.3134295741717
22, 0.12066815048456192, -1, 0.14410426560789347, 337.53695980707806
23, 0.12052138149738312, -1, 0.14390389900654554, 351.7038038531939
24, 0.12038138508796692, -1, 0.14370227698236704, 365.91037597258884
25, 0.12024669349193573, -1, 0.14348565321415663, 380.1744819879532
26, 0.12011665850877762, -1, 0.14328934159129858, 394.3829205671946
27, 0.11999122053384781, -1, 0.1430980209261179, 408.58339379231137
28, 0.11987399309873581, -1, 0.14291002787649632, 422.7954645474752
29, 0.1197555661201477, -1, 0.14269416220486164, 436.9837805946668
30, 0.119643434882164, -1, 0.14251215662807226, 451.221337044239
31, 0.11953642964363098, -1, 0.1423104340210557, 465.4259746313095
32, 0.11943402141332626, -1, 0.1421131882816553, 479.7109655976295
33, 0.11933174729347229, -1, 0.141934628598392, 493.9392185886701
34, 0.11923324316740036, -1, 0.14175280183553696, 508.1519633571307
35, 0.11913922429084778, -1, 0.14156978018581867, 522.3868905027707
36, 0.11905085295438766, -1, 0.14136525616049767, 536.568545850118
37, 0.1189628541469574, -1, 0.1411772407591343, 550.8500085632006
38, 0.11887706816196442, -1, 0.14101391844451427, 565.1060261448224
39, 0.11879443377256393, -1, 0.1408389052376151, 579.3112628817559
40, 0.11871602386236191, -1, 0.14065296482294798, 593.5332377592723
41, 0.11863770335912704, -1, 0.14050253946334124, 607.8295095761617
42, 0.11856452375650406, -1, 0.14033042825758457, 622.0614877899487
43, 0.11849050968885422, -1, 0.14018546137958765, 636.292169769605
44, 0.11842004209756851, -1, 0.1399992210790515, 650.5110420982043
45, 0.11835182458162308, -1, 0.13984837476164103, 664.8246189514796
46, 0.11828292906284332, -1, 0.1397114433348179, 679.0743452390035
47, 0.11821999400854111, -1, 0.1395217776298523, 693.3281315048536
48, 0.11815811693668365, -1, 0.13937268406152725, 707.591468234857
49, 0.11811425536870956, -1, 0.13922683335840702, 721.8466606497765
50, 0.11806004494428635, -1, 0.1391081940382719, 736.113061706225
51, 0.1179899349808693, -1, 0.13898943737149239, 750.3058509588242
52, 0.11793118715286255, -1, 0.1388698499649763, 764.5694065213204
53, 0.1178799569606781, -1, 0.1387493396177888, 778.7892772277196
54, 0.11783255636692047, -1, 0.13863197900354862, 793.0444147070249
55, 0.11778262257575989, -1, 0.13851646054536104, 807.3004733522733
56, 0.11773168295621872, -1, 0.13840151112526655, 821.5669193983078
57, 0.11768147349357605, -1, 0.1382878553122282, 835.7351289073627
58, 0.11763248592615128, -1, 0.1381736947223544, 849.8260158459345
59, 0.11758506298065186, -1, 0.13806057907640934, 863.877896142006
60, 0.11753953248262405, -1, 0.1379475174471736, 877.9298795501392
61, 0.11749530583620071, -1, 0.1378350080922246, 891.9435022791226
62, 0.11745259165763855, -1, 0.13772298861294985, 905.9985374887784
63, 0.11741136014461517, -1, 0.13761229813098907, 920.0488164385159
64, 0.1173708438873291, -1, 0.13750237133353949, 934.0515452265739
65, 0.11733148247003555, -1, 0.13739352207630873, 948.1429931759834
66, 0.1172930896282196, -1, 0.13728512730449438, 962.1741875052452
67, 0.11725616455078125, -1, 0.1371778715401888, 976.2112073779106
68, 0.1172199696302414, -1, 0.13707162160426378, 990.2789728363355
69, 0.117185078561306, -1, 0.13696673139929771, 1004.286834148566
70, 0.11715110391378403, -1, 0.13686219416558743, 1018.3069917798042
71, 0.11711766570806503, -1, 0.1367559041827917, 1032.3291021466255
72, 0.11708452552556992, -1, 0.13665446359664202, 1046.4016416589418
73, 0.11705248802900314, -1, 0.13654871843755245, 1060.4753214995067
74, 0.11702082306146622, -1, 0.1364483181387186, 1074.5215602596602
75, 0.11699025332927704, -1, 0.13634939398616552, 1088.5517376502355
76, 0.11696024984121323, -1, 0.13625065051019192, 1102.5647655328114
77, 0.11693090200424194, -1, 0.13615245837718248, 1116.6257446289062
78, 0.11690234392881393, -1, 0.13605298846960068, 1130.6733930110931
79, 0.11687394231557846, -1, 0.13595546130090952, 1144.722286951542
80, 0.1168457642197609, -1, 0.13585945218801498, 1158.7631805459657
81, 0.11681818962097168, -1, 0.13576354552060366, 1172.8423826416333
82, 0.1167915090918541, -1, 0.13566705398261547, 1186.9274148662885
83, 0.1167653501033783, -1, 0.1355690872296691, 1200.9525541385015
84, 0.11673983931541443, -1, 0.13547205179929733, 1214.9704888820647
85, 0.11671461164951324, -1, 0.13537942711263895, 1229.0602163990338
86, 0.1166897714138031, -1, 0.1352878799661994, 1243.1017755587895
87, 0.11666535586118698, -1, 0.1351958652958274, 1257.1327489892642
88, 0.11664136499166489, -1, 0.13510359171777964, 1271.196402513981
89, 0.11661781370639801, -1, 0.13501152954995632, 1285.220648388068
90, 0.11659496277570724, -1, 0.13491995818912983, 1299.2886324127514
91, 0.1165722906589508, -1, 0.13482877425849438, 1313.3010664661726
92, 0.11655028909444809, -1, 0.13473796378821135, 1327.3175879041353
93, 0.11652868241071701, -1, 0.13464769814163446, 1341.3377415974935
94, 0.11650744080543518, -1, 0.13455783668905497, 1355.3964004874229
95, 0.11648659408092499, -1, 0.13446834031492472, 1369.4429697553317
96, 0.11646564304828644, -1, 0.1343794846907258, 1383.4915649851164
97, 0.11644546687602997, -1, 0.13429113756865263, 1397.6035942673684
98, 0.11642536520957947, -1, 0.13420335203409195, 1411.6481086770693
99, 0.1164056807756424, -1, 0.13411595858633518, 1425.7634626110396
100, 0.11638627201318741, -1, 0.134029240347445, 1439.820692507426
101, 0.1163671612739563, -1, 0.13394312094897032, 1453.8943804979324
102, 0.11634822934865952, -1, 0.1338577689602971, 1467.8906662980714
103, 0.11632926762104034, -1, 0.13377321045845747, 1482.0365655819576
104, 0.11631079763174057, -1, 0.13368935137987137, 1496.1296978990238
105, 0.11629219353199005, -1, 0.13360645715147257, 1510.214656150341
106, 0.11627396941184998, -1, 0.13352433033287525, 1524.2640016873677
107, 0.11625588685274124, -1, 0.13344196788966656, 1538.3225948174795
108, 0.11623809486627579, -1, 0.1333592375740409, 1552.3714306116103
109, 0.11622044444084167, -1, 0.133276904001832, 1566.5628508766492
110, 0.11620286852121353, -1, 0.13319521863013506, 1580.6139955917995
111, 0.11618558317422867, -1, 0.13311446737498045, 1594.6945816079776
112, 0.11616866290569305, -1, 0.13303491473197937, 1608.7399141947428
113, 0.1161520779132843, -1, 0.13295674975961447, 1622.8297167102496
114, 0.11613619327545166, -1, 0.1328801829367876, 1636.8899913390478
115, 0.11612068116664886, -1, 0.13280515745282173, 1650.911134103934
116, 0.11610524356365204, -1, 0.13273180834949017, 1665.0002979636192
117, 0.11608994752168655, -1, 0.1326601281762123, 1679.0715813676516
118, 0.11607559770345688, -1, 0.13259085547178984, 1693.1804039080937
119, 0.11606132984161377, -1, 0.13252154272049665, 1707.2247300227484
120, 0.11604639887809753, -1, 0.13245414849370718, 1721.3560133179028
121, 0.11603125929832458, -1, 0.13238604180514812, 1735.4272379477818
122, 0.1160154938697815, -1, 0.13232075050473213, 1749.5992602745691
123, 0.11599939316511154, -1, 0.13225506152957678, 1763.6792897661528
124, 0.11598296463489532, -1, 0.1321892235428095, 1777.7959081371625
125, 0.11596586555242538, -1, 0.13212485145777464, 1791.921710896492
126, 0.11594867706298828, -1, 0.1320609115064144, 1806.0108889142673
127, 0.11593111604452133, -1, 0.13199634850025177, 1820.0725713292757
PCA dimentions was better with 16; try 8 next
0, 0.13282449543476105, -1, 0.1635233610868454, 24.595529520511626
1, 0.13060182332992554, -1, 0.16451720986515284, 38.49138106107712
2, 0.12962399423122406, -1, 0.1646488718688488, 52.41116169691086
3, 0.12898823618888855, -1, 0.16465506050735712, 66.35006652673086
4, 0.12850157916545868, -1, 0.1645920854061842, 80.24072388807933
5, 0.12809228897094727, -1, 0.16449190769344568, 94.14802197217941
6, 0.1277311146259308, -1, 0.16436984483152628, 108.09722903966903
7, 0.1274029165506363, -1, 0.16423163563013077, 121.99363634586334
8, 0.12710040807724, -1, 0.164080741815269, 135.95629487832386
9, 0.1268191933631897, -1, 0.16391885560005903, 149.87991284926733
10, 0.1265566498041153, -1, 0.16374636627733707, 163.81196134090425
11, 0.126311257481575, -1, 0.16356480214744806, 177.75278081893921
12, 0.12608163058757782, -1, 0.16337468475103378, 191.70995748837788
13, 0.12586688995361328, -1, 0.1631783153861761, 205.70812776088715
14, 0.12566637992858887, -1, 0.1629781313240528, 219.7364344239235
15, 0.12547893822193146, -1, 0.1627758927643299, 233.74091728925706
16, 0.12530392408370972, -1, 0.1625722972676158, 247.7769451101621
17, 0.12513959407806396, -1, 0.16236886382102966, 261.80285350084307
18, 0.12498518079519272, -1, 0.16216670162975788, 275.79538012742995
19, 0.12483945488929749, -1, 0.16196698136627674, 289.8246637384097
20, 0.12470142543315887, -1, 0.1617696639150381, 303.7314282854398
21, 0.12457076460123062, -1, 0.16157490015029907, 317.76785462299983
22, 0.12444642186164856, -1, 0.16138233337551355, 331.7349368095398
23, 0.12432801723480225, -1, 0.16119235381484032, 345.68789616028465
24, 0.12421470135450363, -1, 0.1610047910362482, 359.66957416931785
25, 0.12410566210746765, -1, 0.16082089953124523, 373.65129875739416
26, 0.12400199472904205, -1, 0.16064131911844015, 387.58266758124034
27, 0.12390220165252686, -1, 0.16046322975307703, 401.5554018259048
28, 0.12380699813365936, -1, 0.1602897336706519, 415.51278500556947
29, 0.1237163245677948, -1, 0.1601175693795085, 429.44808820883435
30, 0.12363048642873764, -1, 0.15994790941476822, 443.43660372893015
31, 0.12354959547519684, -1, 0.15978125017136335, 457.3667177756627
32, 0.1234741359949112, -1, 0.15961806941777468, 471.3751572171847
33, 0.12340425699949265, -1, 0.15945903677493334, 485.2543575048447
34, 0.12333978712558746, -1, 0.15930394735187292, 499.18606284062065
35, 0.12327989935874939, -1, 0.15915114153176546, 513.1059105912844
36, 0.12322450429201126, -1, 0.1590003352612257, 527.0558152079582
37, 0.1231733113527298, -1, 0.15885164588689804, 540.9657506823539
8 is worse; 32 next
0, 0.13498444855213165, -1, 0.10999594209715724, 7.52262913386027
1, 0.13168209791183472, -1, 0.11327186692506075, 11.0065079053243
2, 0.12990209460258484, -1, 0.11376077216118574, 14.543082400163014
3, 0.12848453223705292, -1, 0.11418111342936754, 18.071916254361472
4, 0.12729910016059875, -1, 0.11446366552263498, 21.584578692913055
5, 0.12625302374362946, -1, 0.11468548607081175, 25.117248785495757
6, 0.12534798681735992, -1, 0.11481733154505491, 28.637960131963094
7, 0.12443654984235764, -1, 0.1148377787321806, 32.16795431375503
8, 0.12372146546840668, -1, 0.11494840169325471, 35.70029110511144
9, 0.12309795618057251, -1, 0.1148370667360723, 39.23683927853902
10, 0.12251342087984085, -1, 0.11482716351747513, 42.78320989608765
11, 0.12193267792463303, -1, 0.11478965496644378, 46.30311915874481
12, 0.12142227590084076, -1, 0.11466566473245621, 49.84279917081197
13, 0.12094999849796295, -1, 0.1146275526843965, 53.37997300227483
14, 0.12050796300172806, -1, 0.11450871685519814, 56.92571469545364
15, 0.12009129673242569, -1, 0.11450051004067063, 60.469465136528015
16, 0.11969314515590668, -1, 0.11440533073619008, 64.0241139570872
17, 0.11932467669248581, -1, 0.11434103734791279, 67.57036178906759
18, 0.11898043006658554, -1, 0.11424336535856128, 71.13150250514349
19, 0.1186552345752716, -1, 0.11412772536277771, 74.6892270565033
20, 0.11835116147994995, -1, 0.11399154597893357, 78.2444816907247
21, 0.11807027459144592, -1, 0.11386936390772462, 81.79916003147761
22, 0.11773867905139923, -1, 0.11366777122020721, 85.36591071685156
23, 0.11760688573122025, -1, 0.11360575864091516, 88.93608229160309
24, 0.11737383157014847, -1, 0.11349192913621664, 92.52403253714243
25, 0.11714214831590652, -1, 0.11332888295874, 96.07327289978663
26, 0.11692152172327042, -1, 0.1131051741540432, 99.63210916916529
27, 0.11670927703380585, -1, 0.11296820640563965, 103.18918447097143
28, 0.1165110394358635, -1, 0.11280724313110113, 106.75621071656545
29, 0.11632459610700607, -1, 0.11264926055446267, 110.3221988081932
30, 0.11614520102739334, -1, 0.11248295567929745, 113.88745089769364
31, 0.11597468703985214, -1, 0.11231907457113266, 117.451256108284
32, 0.11581190675497055, -1, 0.11215462535619736, 121.0365400393804
33, 0.11565636098384857, -1, 0.111990200355649, 124.60692628622056
34, 0.11550774425268173, -1, 0.11182587686926126, 128.166142141819
35, 0.11536525189876556, -1, 0.11166190914809704, 131.72634950081508
36, 0.11522842198610306, -1, 0.11149871302768588, 135.2370576898257
37, 0.1150972992181778, -1, 0.11133672157302499, 138.78968660831453
38, 0.11497081816196442, -1, 0.11117649683728814, 142.32971843481064
39, 0.11484896391630173, -1, 0.11101803136989474, 145.8820291956266
40, 0.11473109573125839, -1, 0.110861930064857, 149.4452058672905
41, 0.11461757123470306, -1, 0.11070733377709985, 152.98852291901906
42, 0.11450771242380142, -1, 0.110555624589324, 156.55885591904322
43, 0.11440135538578033, -1, 0.11040669586509466, 160.5541576385498
44, 0.11429799348115921, -1, 0.1102600647136569, 164.50631844997406
45, 0.11419762670993805, -1, 0.1101152473129332, 168.52946091095606
46, 0.11410041153430939, -1, 0.1099719856865704, 172.46964273850122
47, 0.11400523781776428, -1, 0.10983200836926699, 176.30156391064327
48, 0.11391223967075348, -1, 0.10969146015122533, 180.1412442803383
49, 0.11382133513689041, -1, 0.1095528369769454, 184.10764350096386
50, 0.11373474448919296, -1, 0.10939614800736308, 188.33023103078207
51, 0.11364445835351944, -1, 0.10927333449944854, 192.6201192299525
52, 0.11356063187122345, -1, 0.10915515385568142, 196.89751793146132
53, 0.1134783998131752, -1, 0.10903443396091461, 201.24704634745916
54, 0.11339782923460007, -1, 0.10891196923330426, 205.53067397673925
55, 0.1133190169930458, -1, 0.10878980252891779, 209.75232669909795
56, 0.11324315518140793, -1, 0.1086671450175345, 214.04556014140448
57, 0.11317002028226852, -1, 0.10854485956951976, 218.35494179725646
58, 0.11309841275215149, -1, 0.10842532524839044, 222.62631779909134
59, 0.11302954703569412, -1, 0.1083050281740725, 226.93071914513905
60, 0.11296266317367554, -1, 0.10818482143804431, 231.32554037570952
61, 0.11289937049150467, -1, 0.10805872362107038, 235.24020252227783
62, 0.11283601075410843, -1, 0.10792545834556222, 238.90647293726605
63, 0.1127752959728241, -1, 0.1078288066200912, 242.529791311423
64, 0.11271705478429794, -1, 0.10769010288640857, 246.13610771894454
65, 0.11265728622674942, -1, 0.10757344588637352, 249.73608632485073
66, 0.11260049045085907, -1, 0.10746420826762915, 253.35114665031432
67, 0.11254706233739853, -1, 0.10738946497440338, 256.96478012005485
68, 0.11249559372663498, -1, 0.1072631380520761, 260.5895017425219
69, 0.11244427412748337, -1, 0.10717614879831672, 264.19272774855295
70, 0.11239554733037949, -1, 0.10707472171634436, 267.825389790535
71, 0.11234905570745468, -1, 0.10697056073695421, 271.44186731179553
72, 0.11230433732271194, -1, 0.10686624003574252, 275.09031484921775
73, 0.11225948482751846, -1, 0.10673845512792468, 278.68683660030365
74, 0.11221788078546524, -1, 0.10668137203902006, 282.30187555551527
75, 0.11217886954545975, -1, 0.10658288607373834, 285.91400442123415
76, 0.11214449256658554, -1, 0.10645401664078236, 289.5362814466159
77, 0.11210402846336365, -1, 0.1063974304124713, 293.15415980815885
78, 0.11206869781017303, -1, 0.10631131241098046, 296.75643330812454
79, 0.11203549057245255, -1, 0.10621295403689146, 300.3599279324214
80, 0.11200118064880371, -1, 0.10613462748005986, 303.9829650044441
81, 0.11196862906217575, -1, 0.10605047969147563, 307.6212847272555
82, 0.11193671077489853, -1, 0.10596892470493913, 311.24140195449195
83, 0.11190576106309891, -1, 0.10588316572830081, 314.8461756507556
84, 0.11187627166509628, -1, 0.10577176278457046, 318.47022741238277
85, 0.11184508353471756, -1, 0.10568421659991145, 322.0933815161387
86, 0.1118132546544075, -1, 0.10562831535935402, 326.12215919097264
87, 0.11178916692733765, -1, 0.10555521212518215, 330.39232530196506
88, 0.1117592304944992, -1, 0.10548151982948184, 334.48656242291133
89, 0.11173775047063828, -1, 0.10534181585535407, 338.33759629329046
90, 0.11171045899391174, -1, 0.10527936462312937, 342.3117238442103
91, 0.11168525367975235, -1, 0.1051750318147242, 346.5389595190684
92, 0.11166216433048248, -1, 0.10515714762732387, 350.808357489109
93, 0.11163929849863052, -1, 0.10508811566978693, 355.230903673172
94, 0.1116146370768547, -1, 0.10493440460413694, 359.69367843468984
95, 0.11159482598304749, -1, 0.10493643768131733, 364.1038899620374
96, 0.11157986521720886, -1, 0.10483189346268773, 368.63655169407525
97, 0.111561618745327, -1, 0.10474068578332663, 373.02218928337095
98, 0.11153535544872284, -1, 0.10462935362011194, 377.50810567537945
99, 0.11151892691850662, -1, 0.10461060982197523, 382.06139200528463
100, 0.11149802803993225, -1, 0.10450889822095633, 386.5223347624143
101, 0.11148147284984589, -1, 0.1044816542416811, 391.0379358927409
102, 0.1114632785320282, -1, 0.10438353754580021, 395.5642891407013
103, 0.11144445836544037, -1, 0.10431985044851899, 400.0323303103447
104, 0.11142677813768387, -1, 0.10416887514293194, 404.51103859742483
105, 0.11140433698892593, -1, 0.10419637151062489, 408.95729899406433
106, 0.11139196157455444, -1, 0.1040871343575418, 413.42630789677304
107, 0.11137830466032028, -1, 0.10399709548801184, 417.84748535553615
108, 0.1113625019788742, -1, 0.10394754633307457, 422.26065664688747
109, 0.11134485900402069, -1, 0.10389060620218515, 426.700828007857
110, 0.11133091151714325, -1, 0.10379174072295427, 431.074226574103
111, 0.11131805926561356, -1, 0.103708250913769, 435.5040728529294
112, 0.11130131036043167, -1, 0.10366820590570569, 439.98883378505707
113, 0.11128853261470795, -1, 0.10360514931380749, 444.4997878154119
114, 0.11127710342407227, -1, 0.10351664945483208, 448.9709376136462
115, 0.11125974357128143, -1, 0.10347015596926212, 453.4537928024928
116, 0.11124476790428162, -1, 0.10340514872223139, 457.9868406732877
117, 0.11123037338256836, -1, 0.10333637613803148, 462.50008820295335
118, 0.11121629923582077, -1, 0.10326580377295613, 467.01741585334145
119, 0.11120235174894333, -1, 0.1031941156834364, 471.5156593124072
120, 0.11118879914283752, -1, 0.10312109533697367, 476.03523929516473
121, 0.11117564141750336, -1, 0.10304615553468466, 480.58918097813927
122, 0.11116328835487366, -1, 0.102965097874403, 485.14997819662096
123, 0.11115090548992157, -1, 0.10288258967921138, 489.6740149974823
124, 0.11113039404153824, -1, 0.10266798175871372, 494.2310996333758
125, 0.11111453175544739, -1, 0.10273000644519925, 498.7950414419174
126, 0.11110177636146545, -1, 0.10266628675162792, 503.3657046794891
127, 0.11109034717082977, -1, 0.1025946345180273, 507.9482425848643
change some more with 48
0, 0.1012372407130897, -1, -1, 44.447052506605786
0, 0.10836788127198815, -1, -1, 42.879475355148315
1, 0.10177831165492535, -1, -1, 81.41949921449026
2, 0.0993213509209454, -1, -1, 120.12917632261912
3, 0.0977175091393292, -1, -1, 158.81347636779148
49 trying tf strategy
64...
0, 0.10925713367760181, -1, -1, 53.083415321509044
1, 0.10090512642636895, -1, -1, 97.82062953710556
2, 0.09798099799081683, -1, -1, 137.1049584587415
3, 0.0962787764146924, -1, -1, 176.4340388417244
0, 0.10925713367760181, -1, -1, 44.14328137636185
1, 0.10090512642636895, -1, -1, 83.39632819096248
2, 0.09798099799081683, -1, -1, 122.56496779521306
3, 0.0962787764146924, -1, -1, 161.68599198261896
4, 0.09512822516262531, -1, -1, 200.85071531534194
5, 0.09422779781743884, -1, -1, 240.09284132321676
6, 0.09348742803558707, -1, -1, 279.55289991696674
7, 0.09289088100194931, -1, -1, 319.0373842517535
8, 0.09238503826782107, -1, -1, 358.4687658071518
9, 0.09195753606036305, -1, -1, 398.0126666347186
10, 0.09161313902586699, -1, -1, 437.31905916531883
11, 0.09130603820085526, -1, -1, 476.9677498896917
12, 0.09098877152428031, -1, -1, 516.2891652266185
13, 0.09073957102373242, -1, -1, 555.9900286793709
14, 0.09060772461816669, -1, -1, 595.4622812549273
15, 0.09052935149520636, -1, -1, 635.1983194828033
killed 64 early; 128 next
0, 0.10909359995275736, -1, -1, 44.696276517709094
1, 0.09729133173823357, -1, -1, 83.61110159953435
2, 0.09420761745423079, -1, -1, 122.60166102250417
3, 0.09232883853837848, -1, -1, 161.5905656139056
4, 0.09089206578209996, -1, -1, 200.6133528828621
5, 0.08956718118861318, -1, -1, 239.57351798216501
6, 0.08835989143699408, -1, -1, 278.4258530457815
7, 0.0873791053891182, -1, -1, 317.29566310246787
8, 0.08661425998434424, -1, -1, 356.12921801408135
9, 0.08598255552351475, -1, -1, 394.99937394460045
10, 0.0854442068375647, -1, -1, 433.84165730476377
11, 0.0849592606537044, -1, -1, 472.54890396595
12, 0.08449813444167376, -1, -1, 511.4192570567131
13, 0.08406386757269502, -1, -1, 550.3362970431646
14, 0.0837102672085166, -1, -1, 589.0375295321147
15, 0.0834139590151608, -1, -1, 627.6387638092041
16, 0.0831906171515584, -1, -1, 666.4274579366048
17, 0.08296952676028013, -1, -1, 705.026281785965
18, 0.08277288777753711, -1, -1, 743.7156657894452
19, 0.08262943523004651, -1, -1, 782.3664772470792
20, 0.08254363853484392, -1, -1, 821.1558626969655
21, 0.08247745269909501, -1, -1, 859.6953312714894
22, 0.08241254137828946, -1, -1, 898.7968800544738
23, 0.08233922719955444, -1, -1, 937.5438372890154
24, 0.08225813461467624, -1, -1, 976.5207628130913
25, 0.08219061931595206, -1, -1, 1015.2160488128662
26, 0.08215640066191554, -1, -1, 1054.0212662378947
27, 0.08210418373346329, -1, -1, 1092.7972660382588
28, 0.08204152062535286, -1, -1, 1131.8106804529825
29, 0.0820166957564652, -1, -1, 1170.7205475330352
30, 0.08200383791700006, -1, -1, 1209.6420766949655
31, 0.08201261796057224, -1, -1, 1248.4934228142104
32, 0.08202889049425721, -1, -1, 1287.4270957946778
33, 0.0820519020780921, -1, -1, 1326.4434239387513
34, 0.08210935723036528, -1, -1, 1365.4606398304304
35, 0.08218802465125918, -1, -1, 1404.587080748876
seems to be converged; now 256
0, 0.10264285118319094, -1, -1, 46.19514180024465
1, 0.09015900804661214, -1, -1, 86.37939214706421
2, 0.08600217802450061, -1, -1, 126.53185214996338
3, 0.08341197110712528, -1, -1, 166.44567294915518
4, 0.08136939350515604, -1, -1, 206.3488858183225
5, 0.07985001755878329, -1, -1, 246.39072927236558
6, 0.07880894583649933, -1, -1, 286.4778582493464
7, 0.07807327108457685, -1, -1, 326.7439659158389
8, 0.07752057537436485, -1, -1, 366.737209324042
9, 0.0770099142100662, -1, -1, 407.04169044891995
10, 0.07661722274497151, -1, -1, 447.3829546491305
11, 0.07626573531888425, -1, -1, 487.636428908507
12, 0.07598244003020227, -1, -1, 528.2190297881763
13, 0.07571094133891165, -1, -1, 568.5653143843015
14, 0.07542652357369661, -1, -1, 609.0820196906726
15, 0.07516547571867704, -1, -1, 649.6301759203275
16, 0.07484952756203711, -1, -1, 689.8999779462814
17, 0.07447380130179226, -1, -1, 730.2678921580315
18, 0.07416847860440612, -1, -1, 770.7532462994258
19, 0.0738916783593595, -1, -1, 811.2483841578165
20, 0.07368096569553018, -1, -1, 851.2601339419683
21, 0.07350288657471538, -1, -1, 891.719641049703
22, 0.0732944868505001, -1, -1, 931.9684194604556
23, 0.07316279248334467, -1, -1, 971.8895285844803
24, 0.07303184201009572, -1, -1, 1012.3786408225695
25, 0.07290076231583953, -1, -1, 1052.949843521913
26, 0.07277303095906973, -1, -1, 1093.5531778931618
27, 0.07262865360826254, -1, -1, 1134.1806288719176
28, 0.07250370620749891, -1, -1, 1174.858771165212
29, 0.07238997425884008, -1, -1, 1215.3574420809746
30, 0.07228840445168316, -1, -1, 1256.16628014644
31, 0.0721918037161231, -1, -1, 1296.6331560730935
32, 0.07209569425322115, -1, -1, 1337.0699611902237
33, 0.07201802986674011, -1, -1, 1377.6469554026921
34, 0.07200168678537011, -1, -1, 1418.1208314538003
35, 0.07197316829115152, -1, -1, 1458.5481672326723
36, 0.07193586928769946, -1, -1, 1499.1436852971713
37, 0.07188390207011253, -1, -1, 1539.7951586643856
38, 0.0718662868021056, -1, -1, 1580.4408027927082
39, 0.07185277389362454, -1, -1, 1621.178140981992
40, 0.07182764331810176, -1, -1, 1661.8575880726178
41, 0.07182019902393222, -1, -1, 1702.540963590145
42, 0.07178521098103374, -1, -1, 1743.2275867819785
43, 0.07172958995215595, -1, -1, 1783.884893631935
44, 0.0716904461150989, -1, -1, 1824.3349005818368
45, 0.07164800364989787, -1, -1, 1864.9483432133993
46, 0.0716465194709599, -1, -1, 1905.457178235054
47, 0.07161201722919941, -1, -1, 1945.9753089030585
48, 0.07158336217980832, -1, -1, 1986.766754813989
49, 0.07157881848979741, -1, -1, 2027.3205555081367
50, 0.07155851263087243, -1, -1, 2067.9410099426905
51, 0.07153418951202184, -1, -1, 2108.832873237133
52, 0.0714942755876109, -1, -1, 2149.396960469087
53, 0.07147306355182081, -1, -1, 2190.1226812203727
54, 0.07145666796714067, -1, -1, 2230.832777361075
55, 0.07144985406193882, -1, -1, 2271.5196520964305
56, 0.07145749812480062, -1, -1, 2312.3298916459084
seems converged try 512

0, 0.10245557827875018, -1, -1, 50.267829004923506
1, 0.0897757550701499, -1, -1, 91.75139584541321
2, 0.08517146498585741, -1, -1, 133.42282339334488
3, 0.08200053016965587, -1, -1, 175.9597788612048
4, 0.07972040493041277, -1, -1, 217.8902215441068
5, 0.07791891414672136, -1, -1, 259.71625760396324
6, 0.07648159703239799, -1, -1, 301.7200647513072
7, 0.07525866362266243, -1, -1, 343.984617014726
8, 0.07420612615533173, -1, -1, 386.117763932546
9, 0.07324452667186658, -1, -1, 428.35269045829773
10, 0.07240121617602806, -1, -1, 470.523697857062
11, 0.07169374614022672, -1, -1, 513.1957540472348
12, 0.07109361048787832, -1, -1, 555.351109524568
13, 0.07054638715150456, -1, -1, 597.9548919876416
14, 0.07006093254312873, -1, -1, 640.2133998632431
15, 0.06963815873799224, -1, -1, 682.6279487967491
16, 0.06928807427175343, -1, -1, 724.6548004786174
17, 0.06899813290995856, -1, -1, 767.1937810619672
18, 0.06872247004260619, -1, -1, 809.5394199053446
19, 0.06847045260171096, -1, -1, 851.623963256677
20, 0.06824069889262319, -1, -1, 894.5288355549177
21, 0.068065304774791, -1, -1, 936.9260812242826
22, 0.0678714126503716, -1, -1, 979.2417443513871
23, 0.06771089602261782, -1, -1, 1021.4610644141833
24, 0.06754310545511544, -1, -1, 1063.7345447500547
25, 0.06737291673198342, -1, -1, 1105.7553869048754
26, 0.06722283898852766, -1, -1, 1148.0566343466442
27, 0.06707329745404422, -1, -1, 1190.4151361902555
28, 0.06695045336770515, -1, -1, 1232.6742744723956
29, 0.06683643030313154, -1, -1, 1274.9308167854945
30, 0.06676558187852304, -1, -1, 1317.4220013221104
31, 0.06676810646119218, -1, -1, 1359.956513094902
32, 0.06665061561701198, -1, -1, 1402.660191655159
33, 0.06654790719039738, -1, -1, 1445.3096159140268
34, 0.06645206393053134, -1, -1, 1488.2040913581848
35, 0.06637552559065323, -1, -1, 1530.7457351207734
36, 0.06628974131308496, -1, -1, 1573.3088325421015
37, 0.06622113085662325, -1, -1, 1615.9304236133894
38, 0.06613654604492088, -1, -1, 1658.5373586614926
39, 0.06605725386179984, -1, -1, 1701.3262115677198
40, 0.06598468970817824, -1, -1, 1743.9894275863965
41, 0.06593745093171795, -1, -1, 1786.3068370342255
42, 0.06590672489255667, -1, -1, 1829.0903526981672
43, 0.0658658028114587, -1, -1, 1871.3377577384313
44, 0.06581736472435296, -1, -1, 1913.8750656723976
45, 0.06576936296187341, -1, -1, 1956.4710061629614
46, 0.06574253117044766, -1, -1, 1998.9112610618274
47, 0.06571220691936712, -1, -1, 2041.515156920751
48, 0.06567502006267507, -1, -1, 2084.3345250487328
49, 0.06561523186974227, -1, -1, 2126.8718309005103
50, 0.06556984029399852, -1, -1, 2169.2120355089505
51, 0.06556642676393191, -1, -1, 2211.4930005113283
52, 0.06553372810594738, -1, -1, 2253.8544896443686
53, 0.06551144729989271, -1, -1, 2296.035841667652
54, 0.06549215270206332, -1, -1, 2338.589994951089
55, 0.06545502490674455, -1, -1, 2380.874228274822
56, 0.06544806497792403, -1, -1, 2423.3495891571047
57, 0.06543705496005714, -1, -1, 2465.6159668008486
58, 0.06543290459861358, -1, -1, 2508.130424082279
59, 0.06544888213587303, -1, -1, 2550.520321361224
60, 0.06543833382117252, -1, -1, 2592.6352918187777
61, 0.06542881291049223, -1, -1, 2635.2466234842937
62, 0.06539935362525284, -1, -1, 2677.492743488153
63, 0.06537780538201332, -1, -1, 2719.9547185023625
roughly converged around 59;
maybe combos are in the smallest clusters; 
back to using all except with pca
0, 0.10759912956280239, -1, -1, 74.02267817258834
1, 0.09522453684726674, -1, -1, 129.24153346220652
2, 0.08784805933295778, -1, -1, 184.93701819181442
3, 0.08351744627438937, -1, -1, 240.48953934113186
4, 0.07972238206107056, -1, -1, 296.57142444054284
5, 0.07831770991793637, -1, -1, 352.2721907377243
6, 0.07652349091388963, -1, -1, 409.332222533226
7, 0.07395229187455367, -1, -1, 465.85593820810317
8, 0.07250975647376794, -1, -1, 521.9587815880775
9, 0.07129620475045434, -1, -1, 578.1790658036867
10, 0.07100752589405712, -1, -1, 637.9523182113966
11, 0.06997511180964383, -1, -1, 694.2895242969195
12, 0.06962759861101707, -1, -1, 750.8103064099947
13, 0.06896459028096587, -1, -1, 806.923245759805
14, 0.06851401264751047, -1, -1, 862.9380014300347
15, 0.06813152044757523, -1, -1, 919.7443034648895
16, 0.06783422840222943, -1, -1, 979.6210218946139
17, 0.06764154695002644, -1, -1, 1041.9218229254086
18, 0.067459933582524, -1, -1, 1098.689109949271
19, 0.06717639739286493, -1, -1, 1154.6613965670267
20, 0.06703502187251367, -1, -1, 1212.0124556501708
21, 0.06694083330531915, -1, -1, 1268.6852781335513
22, 0.06683387195098807, -1, -1, 1324.7210550228754
23, 0.06701473531228574, -1, -1, 1381.761427283287
24, 0.06647838238598497, -1, -1, 1438.361531829834
25, 0.06660359909701528, -1, -1, 1494.3989697217942
26, 0.06656243279971408, -1, -1, 1551.5613860766093
27, 0.06605635192668573, -1, -1, 1608.204041214784
28, 0.0664353508411935, -1, -1, 1664.555698045095
29, 0.06594501784099548, -1, -1, 1720.5676192323367
30, 0.06597299546398448, -1, -1, 1777.8567013303439
31, 0.06599925125299981, -1, -1, 1834.6543639024098
32, 0.06678564044646919, -1, -1, 1890.8244663000107
seems converged; full dims are 2289
since the unrodated data is noticably worse training routines 
likely care about orthoganality of input_shape
try 1024 vector next
0, 0.1054557150754739, -1, -1, 56.38564265966416
1, 0.09237518608654764, -1, -1, 103.61330942710241
2, 0.08627690434201875, -1, -1, 157.30302573045094
trying 1024 with 8e9 bytes instead of 6e9

0, 0.10226068374079962, -1, -1, 57.85067158937454
1, 0.08885507386488219, -1, -1, 104.18916133642196
2, 0.08461804524995387, -1, -1, 149.93407133420308
3, 0.0821978187498947, -1, -1, 194.24192457596462
4, 0.08042292684937517, -1, -1, 238.54256428082783
5, 0.07884598492334287, -1, -1, 282.65325864156085
6, 0.07757792377378792, -1, -1, 327.26477077802025
7, 0.07645546086132526, -1, -1, 371.8762781540553
8, 0.07531740683286141, -1, -1, 417.77783913215
9, 0.07412576260200392, -1, -1, 466.0253751436869
10, 0.07324503905450304, -1, -1, 514.5611407121022
11, 0.07253695682932933, -1, -1, 561.3103438774745
12, 0.07214351118697475, -1, -1, 611.6914829651515
13, 0.07169801718555391, -1, -1, 677.2394533157349
machine froze; likely hit memory limit
256+512=768
0, 0.09794066110625863, -1, -1, 51.820987904071806
1, 0.08577905064448714, -1, -1, 95.17382858594259
2, 0.08155153561383485, -1, -1, 138.36236770947775
3, 0.07886511432006955, -1, -1, 181.95643239418666
4, 0.07642873977310956, -1, -1, 225.77561091979345
5, 0.07425080123357475, -1, -1, 269.43766711950303
6, 0.0725029596593231, -1, -1, 313.01619791587194
7, 0.07120245904661715, -1, -1, 357.04368603626887
8, 0.07004573666490614, -1, -1, 400.866391090552
9, 0.06904863552190363, -1, -1, 444.19166119496026
10, 0.06820712895132601, -1, -1, 487.6194117387136
11, 0.06753439730964601, -1, -1, 530.3634794354439
12, 0.06702628917992115, -1, -1, 573.0277779658635
13, 0.06664902726188301, -1, -1, 616.5303643504778
14, 0.06633234252221883, -1, -1, 659.4954027056694
15, 0.06585033410228788, -1, -1, 702.5889580726623
16, 0.0654323426540941, -1, -1, 745.6945028543472
